20190116,120000,67219.0,77169.0,1.14239
20190116,120500,67225.0,77178.0,1.1421
20190116,121000,67244.0,77190.0,1.14193
20190116,121500,67274.0,77212.0,1.14167
20190116,122000,67267.0,77208.0,1.14184
20190116,122500,67261.0,77207.0,1.14191
20190116,123000,67245.0,77186.0,1.14183
20190116,123500,67275.0,77210.0,1.14144
20190116,124000,67283.0,77184.0,1.14137
20190116,124500,67271.0,77175.0,1.14137
20190116,125000,67286.0,77193.0,1.14104
20190116,125500,67302.0,77182.0,1.141
20190116,130000,67310.0,77184.0,1.14092
20190116,130500,67333.0,77225.0,1.14081
20190116,131000,67319.0,77200.0,1.14076
20190116,131500,67285.0,77163.0,1.14079
20190116,132000,67293.0,77164.0,1.14071
20190116,132500,67321.0,77191.0,1.14098
20190116,133000,67311.0,77193.0,1.14069
20190116,133500,67307.0,77166.0,1.14051
20190116,134000,67316.0,77160.0,1.14045
20190116,134500,67298.0,77132.0,1.1403
20190116,135000,67319.0,77149.0,1.1403
20190116,135500,67329.0,77162.0,1.13995
20190116,140000,67348.0,77156.0,1.13994
20190116,141000,67366.0,77176.0,1.13974
20190116,141500,67375.0,77169.0,1.13936
20190116,142000,67376.0,77151.0,1.13937
20190116,142500,67351.0,77131.0,1.13945
20190116,143000,67324.0,77109.0,1.13865
20190116,143500,67348.0,77092.0,1.13872
20190116,144000,67343.0,77088.0,1.13835
20190116,144500,67343.0,77070.0,1.13779
20190116,145000,67334.0,77014.0,1.13826
20190116,145500,67339.0,77044.0,1.13778
20190116,150000,67349.0,77037.0,1.13797
20190116,150500,67344.0,77040.0,1.13825
20190116,151000,67345.0,77061.0,1.13839
20190116,151500,67347.0,77076.0,1.13863
20190116,152000,67331.0,77082.0,1.13862
20190116,152500,67303.0,77046.0,1.13848
20190116,153000,67294.0,77018.0,1.13869
20190116,153500,67276.0,77015.0,1.1388
20190116,154000,67273.0,77010.0,1.13955
20190116,154500,67265.0,77046.0,1.13905
20190116,155000,67257.0,77024.0,1.13885
20190116,155500,67268.0,77014.0,1.13861
20190116,160000,67281.0,77010.0,1.13874
20190116,160500,67285.0,77022.0,1.1388
20190116,161000,67271.0,77010.0,1.13879
20190116,161500,67235.0,76981.0,1.13915
20190116,162000,67253.0,77021.0,1.1391
20190116,162500,67251.0,77007.0,1.13921
20190116,163000,67277.0,77045.0,1.13893
20190116,163500,67266.0,77018.0,1.13884
20190116,164000,67262.0,77005.0,1.13878
20190116,164500,67250.0,76989.0,1.13929
20190116,165000,67215.0,76979.0,1.13918
20190116,165500,67211.0,76984.0,1.13897
20190116,170000,67165.0,76905.0,1.13945
20190116,170500,67129.0,76897.0,1.1399
20190116,171000,67126.0,76932.0,1.13964
20190116,171500,67121.0,76907.0,1.14001
20190116,172000,67070.0,76881.0,1.13964
20190116,172500,67121.0,76909.0,1.13961
20190116,173000,67114.0,76891.0,1.13988
20190116,173500,67103.0,76900.0,1.14016
20190116,174000,67054.0,76859.0,1.14017
20190116,174500,67043.0,76852.0,1.14017
20190116,175000,66998.0,76798.0,1.13988
20190116,175500,67045.0,76817.0,1.13972
20190116,180000,67045.0,76817.0,1.13997
20190116,180500,67030.0,76802.0,1.13966
20190116,181000,67041.0,76791.0,1.13949
20190116,181500,67031.0,76781.0,1.13978
20190116,182000,67059.0,76839.0,1.14012
20190116,182500,67074.0,76873.0,1.13995
20190116,183000,67040.0,76821.0,1.14017
20190116,183500,67074.0,76860.0,1.14021
20190116,184000,67078.0,76881.0,1.14015
20190116,184500,67082.0,76871.0,1.14021
20190116,191000,67054.0,76852.0,1.14024
20190116,191500,67047.0,76854.0,1.14015
20190116,192000,66995.0,76787.0,1.14022
20190116,192500,67010.0,76802.0,1.14024
20190116,193000,66942.0,76740.0,1.14032
20190116,193500,66955.0,76754.0,1.14024
20190116,194000,66981.0,76773.0,1.1404
20190116,194500,66926.0,76732.0,1.14085
20190116,195000,66948.0,76767.0,1.14052
20190116,195500,66920.0,76730.0,1.1407
20190116,200000,66883.0,76688.0,1.14055
20190116,200500,66904.0,76702.0,1.14025
20190116,201000,66896.0,76671.0,1.14033
20190116,201500,66882.0,76675.0,1.14026
20190116,202000,66888.0,76682.0,1.14063
20190116,202500,66891.0,76695.0,1.14069
20190116,203000,66903.0,76714.0,1.14012
20190116,203500,66905.0,76714.0,1.14013
20190116,204000,66895.0,76676.0,1.13991
20190116,204500,66935.0,76705.0,1.13987
20190116,205000,66955.0,76724.0,1.13976
20190116,205500,66927.0,76685.0,1.13991
20190116,210000,66930.0,76693.0,1.13995
20190116,210500,66909.0,76676.0,1.14002
20190116,211000,66921.0,76689.0,1.1404
20190116,211500,66912.0,76704.0,1.14055
20190116,212000,66917.0,76729.0,1.14055
20190116,212500,66908.0,76712.0,1.14064
20190116,213000,66915.0,76730.0,1.1408
20190116,213500,66913.0,76732.0,1.14069
20190116,214000,66904.0,76722.0,1.14078
20190116,214500,66915.0,76735.0,1.14087
20190116,215000,66876.0,76696.0,1.14071
20190116,215500,66882.0,76688.0,1.14068
20190116,220000,66865.0,76668.0,1.14042
20190116,220500,66866.0,76653.0,1.14048
20190116,221000,66860.0,76663.0,1.14072
20190116,221500,66864.0,76667.0,1.14042
20190116,222000,66864.0,76661.0,1.14028
20190116,222500,66874.0,76654.0,1.14017
20190116,223000,66857.0,76640.0,1.14019
20190116,223500,66848.0,76629.0,1.1402
20190116,224000,66841.0,76620.0,1.14032
20190116,224500,66866.0,76648.0,1.14033
20190116,225000,66872.0,76655.0,1.14008
20190116,225500,66864.0,76626.0,1.13972
20190116,230000,66876.0,76620.0,1.13969
20190116,230500,66871.0,76610.0,1.13998
20190116,231000,66907.0,76648.0,1.14015
20190116,231500,66888.0,76675.0,1.14003
20190116,232000,66887.0,76669.0,1.13944
20190116,232500,66905.0,76641.0,1.13942
20190116,233000,66907.0,76646.0,1.13955
20190116,233500,66919.0,76667.0,1.13953
20190116,234000,66938.0,76688.0,1.13942
20190116,234500,66937.0,76672.0,1.13929
20190116,235000,66959.0,76684.0,1.13927
20190117,120000,67037.0,76766.0,1.13982
20190117,120500,67047.0,76789.0,1.13963
20190117,121000,67045.0,76769.0,1.13969
20190117,121500,67085.0,76830.0,1.1397
20190117,122000,67102.0,76845.0,1.1399
20190117,122500,67131.0,76887.0,1.14002
20190117,123000,67105.0,76874.0,1.13997
20190117,123500,67112.0,76885.0,1.13958
20190117,124000,67112.0,76866.0,1.13967
20190117,124500,67135.0,76886.0,1.13964
20190117,125000,67120.0,76864.0,1.13953
20190117,125500,67113.0,76856.0,1.13932
20190117,130000,67123.0,76845.0,1.13937
20190117,130500,67107.0,76835.0,1.13945
20190117,131000,67110.0,76843.0,1.1389
20190117,131500,67117.0,76829.0,1.13927
20190117,132000,67109.0,76830.0,1.13906
20190117,132500,67112.0,76825.0,1.13913
20190117,133000,67118.0,76838.0,1.13927
20190117,133500,67113.0,76846.0,1.13985
20190117,134000,67120.0,76884.0,1.1399
20190117,134500,67123.0,76883.0,1.14003
20190117,135000,67099.0,76880.0,1.13992
20190117,135500,67109.0,76881.0,1.13996
20190117,140000,67101.0,76874.0,1.13967
20190117,141000,67096.0,76862.0,1.13967
20190117,141500,67105.0,76857.0,1.14005
20190117,142000,67114.0,76890.0,1.1399
20190117,142500,67128.0,76903.0,1.14002
20190117,143000,67114.0,76888.0,1.14037
20190117,143500,67092.0,76886.0,1.14022
20190117,144000,67071.0,76847.0,1.14024
20190117,144500,67068.0,76850.0,1.13981
20190117,145000,67065.0,76814.0,1.13992
20190117,145500,67061.0,76807.0,1.13992
20190117,150000,67074.0,76829.0,1.13999
20190117,150500,67083.0,76833.0,1.13997
20190117,151000,67087.0,76845.0,1.13999
20190117,151500,67094.0,76862.0,1.13989
20190117,152000,67108.0,76867.0,1.14005
20190117,152500,67120.0,76897.0,1.14012
20190117,153000,67112.0,76893.0,1.14026
20190117,153500,67121.0,76925.0,1.14044
20190117,154000,67123.0,76928.0,1.14045
20190117,154500,67124.0,76939.0,1.14029
20190117,155000,67133.0,76935.0,1.1404
20190117,155500,67068.0,76866.0,1.14007
20190117,160000,67094.0,76874.0,1.1404
20190117,160500,67121.0,76936.0,1.14008
20190117,161000,67143.0,76925.0,1.13958
20190117,161500,67184.0,76939.0,1.13973
20190117,162000,67222.0,76989.0,1.13966
20190117,162500,67172.0,76920.0,1.13984
20190117,163000,67180.0,76945.0,1.1385
20190117,163500,67176.0,76855.0,1.13863
20190117,164000,67194.0,76885.0,1.13876
20190117,164500,67165.0,76851.0,1.13906
20190117,165000,67189.0,76906.0,1.13946
20190117,165500,67144.0,76869.0,1.13975
20190117,170000,67152.0,76900.0,1.13978
20190117,170500,67188.0,76956.0,1.13962
20190117,171000,67209.0,76965.0,1.13923
20190117,171500,67211.0,76935.0,1.13905
20190117,172000,67207.0,76932.0,1.13915
20190117,172500,67242.0,76972.0,1.13895
20190117,173000,67238.0,76950.0,1.13898
20190117,173500,67233.0,76936.0,1.13916
20190117,174000,67196.0,76913.0,1.13904
20190117,174500,67188.0,76900.0,1.139
20190117,175000,67170.0,76876.0,1.13883
20190117,175500,67188.0,76890.0,1.13866
20190117,180000,67204.0,76893.0,1.13888
20190117,180500,67189.0,76888.0,1.13876
20190117,181000,67203.0,76900.0,1.13897
20190117,181500,67187.0,76897.0,1.13899
20190117,182000,67195.0,76903.0,1.13915
20190117,182500,67190.0,76911.0,1.13923
20190117,183000,67168.0,76884.0,1.13876
20190117,183500,67170.0,76865.0,1.1376
20190117,184000,67275.0,76893.0,1.13751
20190117,184500,67226.0,76832.0,1.1372
20190117,191000,67136.0,76769.0,1.13814
20190117,191500,67080.0,76715.0,1.13856
20190117,192000,67057.0,76710.0,1.13889
20190117,192500,67045.0,76731.0,1.13857
20190117,193000,67069.0,76730.0,1.13862
20190117,193500,67038.0,76706.0,1.13852
20190117,194000,67031.0,76687.0,1.13833
20190117,194500,67023.0,76671.0,1.13842
20190117,195000,67016.0,76661.0,1.13818
20190117,195500,67025.0,76663.0,1.13846
20190117,200000,66985.0,76637.0,1.13873
20190117,200500,66989.0,76644.0,1.13879
20190117,201000,66933.0,76603.0,1.1384
20190117,201500,66935.0,76578.0,1.13828
20190117,202000,66952.0,76582.0,1.13848
20190117,202500,66967.0,76604.0,1.13851
20190117,203000,66963.0,76597.0,1.1384
20190117,203500,66960.0,76596.0,1.13861
20190117,204000,66941.0,76602.0,1.13855
20190117,204500,66973.0,76625.0,1.13829
20190117,205000,66974.0,76625.0,1.13841
20190117,205500,66974.0,76614.0,1.13859
20190117,210000,66989.0,76646.0,1.13885
20190117,210500,66952.0,76622.0,1.13914
20190117,211000,66944.0,76627.0,1.1393
20190117,211500,66948.0,76642.0,1.13926
20190117,212000,66969.0,76660.0,1.13889
20190117,212500,66957.0,76619.0,1.13853
20190117,213000,66951.0,76611.0,1.13857
20190117,213500,66925.0,76578.0,1.13864
20190117,214000,66898.0,76551.0,1.13889
20190117,214500,66909.0,76567.0,1.13849
20190117,215000,66908.0,76548.0,1.13844
20190117,215500,66925.0,76569.0,1.1381
20190117,220000,66940.0,76552.0,1.13803
20190117,220500,66948.0,76569.0,1.1382
20190117,221000,66946.0,76571.0,1.13815
20190117,221500,66958.0,76577.0,1.13848
20190117,222000,66953.0,76593.0,1.13867
20190117,222500,66951.0,76601.0,1.13838
20190117,223000,66986.0,76640.0,1.1383
20190117,223500,66986.0,76631.0,1.13874
20190117,224000,66953.0,76616.0,1.13943
20190117,224500,66889.0,76580.0,1.13965
20190117,225000,66838.0,76551.0,1.13923
20190117,225500,66865.0,76547.0,1.13891
20190117,230000,66924.0,76589.0,1.13898
20190117,230500,66945.0,76621.0,1.13874
20190117,231000,66927.0,76604.0,1.13871
20190117,231500,66935.0,76585.0,1.13868
20190117,232000,66924.0,76587.0,1.13871
20190117,232500,66943.0,76607.0,1.13885
20190117,233000,66932.0,76594.0,1.13905
20190117,233500,66932.0,76610.0,1.139
20190117,234000,66944.0,76615.0,1.13894
20190117,234500,66942.0,76610.0,1.13889
20190117,235000,66955.0,76620.0,1.13902

