16.01.2019,00:00,1.13866,1.13890,1.13852,1.13887,359
16.01.2019,00:05,1.13889,1.13947,1.13877,1.13945,518
16.01.2019,00:10,1.13947,1.13951,1.13906,1.13911,343
16.01.2019,00:15,1.13909,1.13953,1.13906,1.13953,309
16.01.2019,00:20,1.13952,1.13963,1.13926,1.13935,418
16.01.2019,00:25,1.13932,1.13949,1.13922,1.13945,307
16.01.2019,00:30,1.13945,1.13972,1.13935,1.13958,576
16.01.2019,00:35,1.13957,1.13971,1.13836,1.13894,1105
16.01.2019,00:40,1.13895,1.13979,1.13889,1.13955,1635
16.01.2019,00:45,1.13955,1.13990,1.13856,1.13941,1239
16.01.2019,00:50,1.13941,1.13988,1.13935,1.13965,1060
16.01.2019,00:55,1.13967,1.14020,1.13921,1.14010,1022
16.01.2019,01:00,1.14013,1.14083,1.13994,1.14066,1097
16.01.2019,01:05,1.14068,1.14135,1.14054,1.14113,1005
16.01.2019,01:10,1.14115,1.14119,1.14051,1.14099,736
16.01.2019,01:15,1.14100,1.14169,1.14096,1.14154,801
16.01.2019,01:20,1.14155,1.14170,1.14091,1.14098,760
16.01.2019,01:25,1.14099,1.14127,1.14093,1.14100,481
16.01.2019,01:30,1.14102,1.14104,1.14065,1.14087,475
16.01.2019,01:35,1.14085,1.14113,1.14084,1.14107,377
16.01.2019,01:40,1.14106,1.14160,1.14104,1.14119,506
16.01.2019,01:45,1.14116,1.14144,1.14102,1.14131,413
16.01.2019,01:50,1.14132,1.14143,1.14108,1.14120,334
16.01.2019,01:55,1.14122,1.14138,1.14097,1.14127,486
16.01.2019,02:00,1.14129,1.14154,1.14117,1.14121,197
16.01.2019,02:05,1.14122,1.14124,1.14076,1.14088,168
16.01.2019,02:10,1.14088,1.14088,1.14077,1.14087,113
16.01.2019,02:15,1.14087,1.14106,1.14082,1.14106,119
16.01.2019,02:20,1.14106,1.14149,1.14101,1.14147,182
16.01.2019,02:25,1.14146,1.14151,1.14127,1.14128,131
16.01.2019,02:30,1.14128,1.14130,1.14113,1.14124,97
16.01.2019,02:35,1.14124,1.14133,1.14120,1.14124,162
16.01.2019,02:40,1.14124,1.14124,1.14097,1.14108,123
16.01.2019,02:45,1.14109,1.14109,1.14091,1.14103,144
16.01.2019,02:50,1.14104,1.14130,1.14101,1.14116,198
16.01.2019,02:55,1.14116,1.14123,1.14115,1.14122,170
16.01.2019,03:00,1.14120,1.14126,1.14100,1.14107,78
16.01.2019,03:05,1.14107,1.14107,1.14098,1.14099,71
16.01.2019,03:10,1.14100,1.14101,1.14097,1.14100,94
16.01.2019,03:15,1.14101,1.14101,1.14097,1.14101,69
16.01.2019,03:20,1.14100,1.14102,1.14096,1.14102,132
16.01.2019,03:25,1.14103,1.14103,1.14064,1.14071,162
16.01.2019,03:30,1.14067,1.14077,1.14049,1.14069,204
16.01.2019,03:35,1.14070,1.14070,1.14061,1.14067,63
16.01.2019,03:40,1.14067,1.14067,1.14061,1.14064,56
16.01.2019,03:45,1.14064,1.14067,1.14047,1.14047,90
16.01.2019,03:50,1.14047,1.14049,1.14034,1.14038,125
16.01.2019,03:55,1.14037,1.14058,1.14037,1.14053,110
16.01.2019,04:00,1.14052,1.14112,1.14052,1.14102,312
16.01.2019,04:05,1.14103,1.14103,1.14082,1.14082,73
16.01.2019,04:10,1.14081,1.14089,1.14073,1.14087,114
16.01.2019,04:15,1.14088,1.14106,1.14083,1.14104,135
16.01.2019,04:20,1.14104,1.14117,1.14101,1.14115,97
16.01.2019,04:25,1.14115,1.14122,1.14114,1.14119,56
16.01.2019,04:30,1.14118,1.14118,1.14100,1.14105,72
16.01.2019,04:35,1.14104,1.14112,1.14103,1.14106,50
16.01.2019,04:40,1.14105,1.14107,1.14100,1.14107,34
16.01.2019,04:45,1.14106,1.14124,1.14101,1.14121,59
16.01.2019,04:50,1.14124,1.14134,1.14122,1.14129,58
16.01.2019,04:55,1.14128,1.14141,1.14122,1.14137,108
16.01.2019,05:00,1.14136,1.14137,1.14052,1.14054,297
16.01.2019,05:05,1.14055,1.14092,1.14055,1.14091,199
16.01.2019,05:10,1.14092,1.14092,1.14082,1.14086,73
16.01.2019,05:15,1.14087,1.14091,1.14062,1.14066,120
16.01.2019,05:20,1.14066,1.14076,1.14062,1.14076,110
16.01.2019,05:25,1.14077,1.14077,1.14070,1.14075,51
16.01.2019,05:30,1.14076,1.14082,1.14065,1.14074,87
16.01.2019,05:35,1.14072,1.14085,1.14061,1.14076,129
16.01.2019,05:40,1.14075,1.14128,1.14075,1.14115,261
16.01.2019,05:45,1.14115,1.14115,1.14094,1.14097,93
16.01.2019,05:50,1.14096,1.14098,1.14072,1.14090,188
16.01.2019,05:55,1.14088,1.14108,1.14087,1.14100,154
16.01.2019,06:00,1.14101,1.14125,1.14092,1.14096,205
16.01.2019,06:05,1.14097,1.14098,1.14088,1.14091,133
16.01.2019,06:10,1.14092,1.14101,1.14071,1.14090,183
16.01.2019,06:15,1.14091,1.14092,1.14041,1.14047,249
16.01.2019,06:20,1.14048,1.14056,1.14023,1.14034,274
16.01.2019,06:25,1.14033,1.14036,1.14002,1.14007,272
16.01.2019,06:30,1.14007,1.14023,1.14000,1.14002,301
16.01.2019,06:35,1.14001,1.14023,1.13994,1.14022,209
16.01.2019,06:40,1.14023,1.14029,1.14012,1.14017,169
16.01.2019,06:45,1.14018,1.14022,1.14008,1.14017,145
16.01.2019,06:50,1.14018,1.14019,1.13980,1.13987,194
16.01.2019,06:55,1.13986,1.13989,1.13963,1.13978,225
16.01.2019,07:00,1.13977,1.13987,1.13963,1.13967,229
16.01.2019,07:05,1.13966,1.14008,1.13957,1.14005,162
16.01.2019,07:10,1.14008,1.14012,1.14004,1.14009,111
16.01.2019,07:15,1.14010,1.14020,1.13990,1.13990,146
16.01.2019,07:20,1.13989,1.14003,1.13980,1.13999,140
16.01.2019,07:25,1.14000,1.14026,1.13998,1.14009,204
16.01.2019,07:30,1.14009,1.14023,1.14009,1.14019,146
16.01.2019,07:35,1.14019,1.14024,1.13998,1.14007,140
16.01.2019,07:40,1.14006,1.14025,1.14004,1.14023,100
16.01.2019,07:45,1.14025,1.14026,1.14009,1.14010,117
16.01.2019,07:50,1.14011,1.14019,1.14010,1.14015,77
16.01.2019,07:55,1.14015,1.14029,1.14008,1.14008,152
16.01.2019,08:00,1.14005,1.14020,1.14004,1.14009,107
16.01.2019,08:05,1.14009,1.14009,1.13964,1.13974,197
16.01.2019,08:10,1.13974,1.13984,1.13963,1.13979,162
16.01.2019,08:15,1.13979,1.13990,1.13972,1.13985,134
16.01.2019,08:20,1.13986,1.13987,1.13964,1.13970,61
16.01.2019,08:25,1.13969,1.13995,1.13969,1.13990,113
16.01.2019,08:30,1.13990,1.14000,1.13981,1.13995,63
16.01.2019,08:35,1.13994,1.14006,1.13990,1.13995,69
16.01.2019,08:40,1.13995,1.14012,1.13990,1.14012,100
16.01.2019,08:45,1.14011,1.14015,1.14003,1.14014,126
16.01.2019,08:50,1.14014,1.14038,1.14003,1.14027,187
16.01.2019,08:55,1.14028,1.14034,1.14019,1.14027,111
16.01.2019,09:00,1.14026,1.14069,1.14020,1.14045,324
16.01.2019,09:05,1.14045,1.14052,1.14035,1.14041,133
16.01.2019,09:10,1.14040,1.14057,1.14037,1.14041,137
16.01.2019,09:15,1.14040,1.14059,1.14030,1.14057,110
16.01.2019,09:20,1.14057,1.14107,1.14052,1.14060,232
16.01.2019,09:25,1.14059,1.14062,1.14050,1.14061,136
16.01.2019,09:30,1.14060,1.14063,1.14039,1.14049,128
16.01.2019,09:35,1.14051,1.14059,1.14040,1.14056,122
16.01.2019,09:40,1.14055,1.14060,1.14036,1.14047,149
16.01.2019,09:45,1.14048,1.14071,1.14045,1.14071,137
16.01.2019,09:50,1.14071,1.14076,1.14057,1.14065,147
16.01.2019,09:55,1.14063,1.14101,1.14058,1.14098,253
16.01.2019,10:00,1.14101,1.14108,1.14081,1.14086,198
16.01.2019,10:05,1.14085,1.14093,1.14076,1.14083,181
16.01.2019,10:10,1.14082,1.14093,1.14082,1.14091,88
16.01.2019,10:15,1.14092,1.14096,1.14070,1.14075,99
16.01.2019,10:20,1.14075,1.14093,1.14075,1.14082,147
16.01.2019,10:25,1.14082,1.14119,1.14082,1.14105,176
16.01.2019,10:30,1.14106,1.14113,1.14095,1.14100,146
16.01.2019,10:35,1.14100,1.14101,1.14084,1.14085,146
16.01.2019,10:40,1.14083,1.14097,1.14080,1.14096,107
16.01.2019,10:45,1.14096,1.14145,1.14096,1.14127,256
16.01.2019,10:50,1.14128,1.14138,1.14111,1.14137,222
16.01.2019,10:55,1.14137,1.14148,1.14112,1.14113,283
16.01.2019,11:00,1.14111,1.14134,1.14109,1.14110,275
16.01.2019,11:05,1.14110,1.14116,1.14092,1.14102,183
16.01.2019,11:10,1.14102,1.14103,1.14065,1.14071,185
16.01.2019,11:15,1.14071,1.14106,1.14070,1.14091,160
16.01.2019,11:20,1.14092,1.14096,1.14075,1.14093,155
16.01.2019,11:25,1.14094,1.14095,1.14060,1.14062,290
16.01.2019,11:30,1.14062,1.14062,1.14039,1.14051,188
16.01.2019,11:35,1.14051,1.14064,1.14023,1.14031,189
16.01.2019,11:40,1.14031,1.14037,1.14016,1.14027,139
16.01.2019,11:45,1.14036,1.14048,1.14007,1.14043,161
16.01.2019,11:50,1.14042,1.14049,1.14014,1.14015,262
16.01.2019,11:55,1.14016,1.14016,1.13964,1.13975,298
16.01.2019,12:00,1.13973,1.14032,1.13965,1.14007,370
16.01.2019,12:05,1.14004,1.14060,1.14002,1.14049,386
16.01.2019,12:10,1.14050,1.14074,1.14029,1.14050,288
16.01.2019,12:15,1.14050,1.14105,1.14050,1.14064,406
16.01.2019,12:20,1.14062,1.14081,1.14028,1.14077,258
16.01.2019,12:25,1.14078,1.14094,1.14035,1.14057,491
16.01.2019,12:30,1.14059,1.14062,1.13987,1.13994,509
16.01.2019,12:35,1.13993,1.14003,1.13911,1.13940,629
16.01.2019,12:40,1.13941,1.13956,1.13912,1.13928,481
16.01.2019,12:45,1.13927,1.13983,1.13912,1.13975,496
16.01.2019,12:50,1.13974,1.13984,1.13959,1.13975,269
16.01.2019,12:55,1.13975,1.13979,1.13911,1.13935,565
16.01.2019,13:00,1.13934,1.14081,1.13928,1.14024,1131
16.01.2019,13:05,1.14023,1.14041,1.13977,1.13994,732
16.01.2019,13:10,1.13994,1.14009,1.13954,1.14004,537
16.01.2019,13:15,1.14004,1.14110,1.13997,1.14081,684
16.01.2019,13:20,1.14078,1.14107,1.14054,1.14105,604
16.01.2019,13:25,1.14108,1.14155,1.14099,1.14152,620
16.01.2019,13:30,1.14151,1.14161,1.14111,1.14134,495
16.01.2019,13:35,1.14132,1.14148,1.14108,1.14130,396
16.01.2019,13:40,1.14136,1.14136,1.14094,1.14124,469
16.01.2019,13:45,1.14123,1.14126,1.14102,1.14125,318
16.01.2019,13:50,1.14125,1.14138,1.14111,1.14111,307
16.01.2019,13:55,1.14111,1.14212,1.14102,1.14211,652
16.01.2019,14:00,1.14216,1.14245,1.14176,1.14239,689
16.01.2019,14:05,1.14239,1.14240,1.14195,1.14210,523
16.01.2019,14:10,1.14211,1.14224,1.14186,1.14193,396
16.01.2019,14:15,1.14194,1.14203,1.14159,1.14167,429
16.01.2019,14:20,1.14167,1.14192,1.14158,1.14184,382
16.01.2019,14:25,1.14184,1.14205,1.14161,1.14191,326
16.01.2019,14:30,1.14189,1.14208,1.14178,1.14183,450
16.01.2019,14:35,1.14184,1.14198,1.14137,1.14144,505
16.01.2019,14:40,1.14144,1.14153,1.14126,1.14137,387
16.01.2019,14:45,1.14134,1.14153,1.14120,1.14137,348
16.01.2019,14:50,1.14138,1.14143,1.14089,1.14104,422
16.01.2019,14:55,1.14104,1.14119,1.14083,1.14100,588
16.01.2019,15:00,1.14102,1.14103,1.14081,1.14092,424
16.01.2019,15:05,1.14093,1.14111,1.14077,1.14081,302
16.01.2019,15:10,1.14082,1.14084,1.14071,1.14076,236
16.01.2019,15:15,1.14079,1.14102,1.14072,1.14079,210
16.01.2019,15:20,1.14079,1.14090,1.14067,1.14071,288
16.01.2019,15:25,1.14073,1.14110,1.14073,1.14098,323
16.01.2019,15:30,1.14100,1.14107,1.14057,1.14069,353
16.01.2019,15:35,1.14068,1.14072,1.14017,1.14051,417
16.01.2019,15:40,1.14050,1.14063,1.14036,1.14045,448
16.01.2019,15:45,1.14044,1.14061,1.14026,1.14030,268
16.01.2019,15:50,1.14030,1.14045,1.14021,1.14030,341
16.01.2019,15:55,1.14031,1.14040,1.13990,1.13995,439
16.01.2019,16:00,1.13994,1.14002,1.13946,1.13994,558
16.01.2019,16:05,1.13997,1.14016,1.13955,1.13992,457
16.01.2019,16:10,1.13990,1.14004,1.13962,1.13974,436
16.01.2019,16:15,1.13973,1.13975,1.13929,1.13936,453
16.01.2019,16:20,1.13932,1.13970,1.13930,1.13937,403
16.01.2019,16:25,1.13938,1.13969,1.13936,1.13945,349
16.01.2019,16:30,1.13942,1.13942,1.13860,1.13865,563
16.01.2019,16:35,1.13864,1.13895,1.13860,1.13872,450
16.01.2019,16:40,1.13873,1.13883,1.13832,1.13835,366
16.01.2019,16:45,1.13836,1.13851,1.13774,1.13779,557
16.01.2019,16:50,1.13781,1.13827,1.13775,1.13826,461
16.01.2019,16:55,1.13826,1.13826,1.13777,1.13778,382
16.01.2019,17:00,1.13777,1.13820,1.13775,1.13797,446
16.01.2019,17:05,1.13796,1.13832,1.13795,1.13825,419
16.01.2019,17:10,1.13825,1.13857,1.13820,1.13839,441
16.01.2019,17:15,1.13840,1.13870,1.13835,1.13863,355
16.01.2019,17:20,1.13864,1.13885,1.13861,1.13862,351
16.01.2019,17:25,1.13860,1.13866,1.13822,1.13848,430
16.01.2019,17:30,1.13849,1.13877,1.13847,1.13869,265
16.01.2019,17:35,1.13868,1.13902,1.13865,1.13880,342
16.01.2019,17:40,1.13881,1.13964,1.13877,1.13955,997
16.01.2019,17:45,1.13952,1.13955,1.13903,1.13905,541
16.01.2019,17:50,1.13904,1.13923,1.13865,1.13885,500
16.01.2019,17:55,1.13884,1.13887,1.13843,1.13861,656
16.01.2019,18:00,1.13862,1.13891,1.13843,1.13874,798
16.01.2019,18:05,1.13873,1.13905,1.13850,1.13880,507
16.01.2019,18:10,1.13882,1.13900,1.13867,1.13879,369
16.01.2019,18:15,1.13877,1.13930,1.13875,1.13915,397
16.01.2019,18:20,1.13916,1.13928,1.13908,1.13910,413
16.01.2019,18:25,1.13911,1.13933,1.13908,1.13921,290
16.01.2019,18:30,1.13922,1.13933,1.13878,1.13893,366
16.01.2019,18:35,1.13893,1.13908,1.13883,1.13884,347
16.01.2019,18:40,1.13884,1.13893,1.13871,1.13878,379
16.01.2019,18:45,1.13880,1.13933,1.13874,1.13929,393
16.01.2019,18:50,1.13928,1.13942,1.13915,1.13918,346
16.01.2019,18:55,1.13920,1.13955,1.13897,1.13897,403
16.01.2019,19:00,1.13897,1.13953,1.13897,1.13945,512
16.01.2019,19:05,1.13944,1.13993,1.13940,1.13990,302
16.01.2019,19:10,1.13987,1.13998,1.13957,1.13964,481
16.01.2019,19:15,1.13963,1.14013,1.13963,1.14001,512
16.01.2019,19:20,1.14002,1.14019,1.13947,1.13964,485
16.01.2019,19:25,1.13964,1.13975,1.13944,1.13961,373
16.01.2019,19:30,1.13963,1.13998,1.13957,1.13988,451
16.01.2019,19:35,1.13989,1.14020,1.13955,1.14016,641
16.01.2019,19:40,1.14017,1.14027,1.13991,1.14017,462
16.01.2019,19:45,1.14016,1.14026,1.14003,1.14017,480
16.01.2019,19:50,1.14018,1.14027,1.13979,1.13988,540
16.01.2019,19:55,1.13989,1.13992,1.13937,1.13972,595
16.01.2019,20:00,1.13967,1.14026,1.13956,1.13997,645
16.01.2019,20:05,1.13996,1.14029,1.13954,1.13966,634
16.01.2019,20:10,1.13965,1.14008,1.13947,1.13949,614
16.01.2019,20:15,1.13950,1.13992,1.13935,1.13978,520
16.01.2019,20:20,1.13979,1.14020,1.13972,1.14012,417
16.01.2019,20:25,1.14013,1.14017,1.13979,1.13995,464
16.01.2019,20:30,1.13997,1.14024,1.13962,1.14017,561
16.01.2019,20:35,1.14018,1.14028,1.14007,1.14021,460
16.01.2019,20:40,1.14021,1.14033,1.13974,1.14015,507
16.01.2019,20:45,1.14016,1.14034,1.14001,1.14021,602
16.01.2019,20:50,1.14019,1.14019,1.13958,1.13958,614
16.01.2019,20:55,1.13956,1.13960,1.13916,1.13938,828
16.01.2019,21:00,1.13939,1.13975,1.13936,1.13968,750
16.01.2019,21:05,1.13973,1.14029,1.13972,1.14025,471
16.01.2019,21:10,1.14026,1.14026,1.13992,1.14024,384
16.01.2019,21:15,1.14027,1.14030,1.14000,1.14015,367
16.01.2019,21:20,1.14013,1.14027,1.13999,1.14022,315
16.01.2019,21:25,1.14022,1.14067,1.13988,1.14024,526
16.01.2019,21:30,1.14022,1.14040,1.13989,1.14032,509
16.01.2019,21:35,1.14033,1.14034,1.13994,1.14024,379
16.01.2019,21:40,1.14023,1.14041,1.14016,1.14040,394
16.01.2019,21:45,1.14040,1.14087,1.14034,1.14085,415
16.01.2019,21:50,1.14083,1.14101,1.14050,1.14052,310
16.01.2019,21:55,1.14051,1.14075,1.14046,1.14070,341
16.01.2019,22:00,1.14071,1.14071,1.14039,1.14055,335
16.01.2019,22:05,1.14054,1.14064,1.14021,1.14025,291
16.01.2019,22:10,1.14025,1.14043,1.14011,1.14033,311
16.01.2019,22:15,1.14033,1.14074,1.14014,1.14026,575
16.01.2019,22:20,1.14027,1.14068,1.14020,1.14063,463
16.01.2019,22:25,1.14063,1.14069,1.14053,1.14069,256
16.01.2019,22:30,1.14069,1.14069,1.14010,1.14012,279
16.01.2019,22:35,1.14011,1.14026,1.13980,1.14013,426
16.01.2019,22:40,1.14013,1.14018,1.13990,1.13991,336
16.01.2019,22:45,1.13991,1.14012,1.13983,1.13987,279
16.01.2019,22:50,1.13986,1.13988,1.13956,1.13976,308
16.01.2019,22:55,1.13978,1.14002,1.13972,1.13991,324
16.01.2019,23:00,1.13989,1.14008,1.13987,1.13995,253
16.01.2019,23:05,1.13995,1.14012,1.13984,1.14002,212
16.01.2019,23:10,1.14002,1.14047,1.14001,1.14040,219
16.01.2019,23:15,1.14041,1.14058,1.14034,1.14055,146
16.01.2019,23:20,1.14054,1.14063,1.14041,1.14055,212
16.01.2019,23:25,1.14056,1.14075,1.14055,1.14064,204
16.01.2019,23:30,1.14063,1.14080,1.14058,1.14080,235
16.01.2019,23:35,1.14079,1.14093,1.14067,1.14069,185
16.01.2019,23:40,1.14070,1.14090,1.14066,1.14078,207
16.01.2019,23:45,1.14076,1.14094,1.14061,1.14087,292
16.01.2019,23:50,1.14087,1.14088,1.14070,1.14071,147
16.01.2019,23:55,1.14070,1.14081,1.14056,1.14068,258
17.01.2019,00:00,1.14067,1.14068,1.14027,1.14042,480
17.01.2019,00:05,1.14041,1.14070,1.14038,1.14048,473
17.01.2019,00:10,1.14048,1.14077,1.14035,1.14072,378
17.01.2019,00:15,1.14071,1.14092,1.14022,1.14042,839
17.01.2019,00:20,1.14040,1.14051,1.14026,1.14028,299
17.01.2019,00:25,1.14027,1.14032,1.13992,1.14017,263
17.01.2019,00:30,1.14018,1.14036,1.14011,1.14019,358
17.01.2019,00:35,1.14018,1.14036,1.14016,1.14020,233
17.01.2019,00:40,1.14021,1.14041,1.14017,1.14032,325
17.01.2019,00:45,1.14032,1.14056,1.14030,1.14033,297
17.01.2019,00:50,1.14034,1.14041,1.14003,1.14008,310
17.01.2019,00:55,1.14007,1.14035,1.13966,1.13972,532
17.01.2019,01:00,1.13973,1.13994,1.13950,1.13969,491
17.01.2019,01:05,1.13969,1.14003,1.13957,1.13998,384
17.01.2019,01:10,1.13999,1.14021,1.13996,1.14015,416
17.01.2019,01:15,1.14016,1.14016,1.13993,1.14003,384
17.01.2019,01:20,1.14003,1.14003,1.13944,1.13944,470
17.01.2019,01:25,1.13945,1.13965,1.13929,1.13942,587
17.01.2019,01:30,1.13943,1.13972,1.13926,1.13955,607
17.01.2019,01:35,1.13954,1.13977,1.13947,1.13953,366
17.01.2019,01:40,1.13954,1.13954,1.13930,1.13942,320
17.01.2019,01:45,1.13941,1.13951,1.13918,1.13929,221
17.01.2019,01:50,1.13928,1.13937,1.13922,1.13927,206
17.01.2019,01:55,1.13926,1.13943,1.13919,1.13919,356
17.01.2019,02:00,1.13916,1.13950,1.13916,1.13948,184
17.01.2019,02:05,1.13947,1.13959,1.13943,1.13957,111
17.01.2019,02:10,1.13957,1.13957,1.13944,1.13956,121
17.01.2019,02:15,1.13955,1.13956,1.13945,1.13952,89
17.01.2019,02:20,1.13952,1.13953,1.13934,1.13940,132
17.01.2019,02:25,1.13941,1.13941,1.13916,1.13922,152
17.01.2019,02:30,1.13923,1.13926,1.13907,1.13908,130
17.01.2019,02:35,1.13908,1.13910,1.13896,1.13902,139
17.01.2019,02:40,1.13903,1.13907,1.13899,1.13900,99
17.01.2019,02:45,1.13899,1.13906,1.13896,1.13902,137
17.01.2019,02:50,1.13897,1.13916,1.13895,1.13914,205
17.01.2019,02:55,1.13914,1.13915,1.13904,1.13904,127
17.01.2019,03:00,1.13910,1.13937,1.13910,1.13919,93
17.01.2019,03:05,1.13919,1.13937,1.13913,1.13931,629
17.01.2019,03:10,1.13931,1.13951,1.13923,1.13951,91
17.01.2019,03:15,1.13954,1.13956,1.13939,1.13956,136
17.01.2019,03:20,1.13951,1.13962,1.13950,1.13959,129
17.01.2019,03:25,1.13954,1.13957,1.13942,1.13954,58
17.01.2019,03:30,1.13952,1.13958,1.13945,1.13950,111
17.01.2019,03:35,1.13950,1.13957,1.13950,1.13955,238
17.01.2019,03:40,1.13955,1.13956,1.13951,1.13952,191
17.01.2019,03:45,1.13954,1.13958,1.13950,1.13955,240
17.01.2019,03:50,1.13954,1.13960,1.13952,1.13952,160
17.01.2019,03:55,1.13954,1.13954,1.13935,1.13942,81
17.01.2019,04:00,1.13943,1.13973,1.13942,1.13968,161
17.01.2019,04:05,1.13966,1.13967,1.13958,1.13962,22
17.01.2019,04:10,1.13964,1.13967,1.13959,1.13965,36
17.01.2019,04:15,1.13967,1.13971,1.13960,1.13965,38
17.01.2019,04:20,1.13964,1.13969,1.13963,1.13968,37
17.01.2019,04:25,1.13968,1.13984,1.13965,1.13971,113
17.01.2019,04:30,1.13970,1.13981,1.13970,1.13981,27
17.01.2019,04:35,1.13982,1.13991,1.13980,1.13989,42
17.01.2019,04:40,1.13988,1.13997,1.13986,1.13989,101
17.01.2019,04:45,1.13987,1.13991,1.13979,1.13982,205
17.01.2019,04:50,1.13980,1.13983,1.13968,1.13973,177
17.01.2019,04:55,1.13974,1.13996,1.13969,1.13992,129
17.01.2019,05:00,1.13990,1.13990,1.13941,1.13955,178
17.01.2019,05:05,1.13954,1.13985,1.13954,1.13977,182
17.01.2019,05:10,1.13979,1.13985,1.13962,1.13979,150
17.01.2019,05:15,1.13980,1.13987,1.13962,1.13974,188
17.01.2019,05:20,1.13973,1.13974,1.13951,1.13952,99
17.01.2019,05:25,1.13953,1.13977,1.13951,1.13966,85
17.01.2019,05:30,1.13964,1.13964,1.13955,1.13955,72
17.01.2019,05:35,1.13955,1.13970,1.13945,1.13956,135
17.01.2019,05:40,1.13953,1.13958,1.13940,1.13945,145
17.01.2019,05:45,1.13945,1.13963,1.13945,1.13948,123
17.01.2019,05:50,1.13948,1.13956,1.13947,1.13954,171
17.01.2019,05:55,1.13953,1.13976,1.13949,1.13975,100
17.01.2019,06:00,1.13976,1.13996,1.13976,1.13995,239
17.01.2019,06:05,1.13994,1.13995,1.13965,1.13969,189
17.01.2019,06:10,1.13970,1.13996,1.13970,1.13990,180
17.01.2019,06:15,1.13989,1.14001,1.13980,1.13988,249
17.01.2019,06:20,1.13988,1.14003,1.13982,1.13994,205
17.01.2019,06:25,1.13993,1.14000,1.13988,1.13989,142
17.01.2019,06:30,1.13988,1.14001,1.13972,1.13972,235
17.01.2019,06:35,1.13972,1.13976,1.13957,1.13959,149
17.01.2019,06:40,1.13960,1.13972,1.13957,1.13971,202
17.01.2019,06:45,1.13971,1.13975,1.13955,1.13962,195
17.01.2019,06:50,1.13960,1.13961,1.13944,1.13951,203
17.01.2019,06:55,1.13952,1.13957,1.13937,1.13937,153
17.01.2019,07:00,1.13940,1.13952,1.13935,1.13946,189
17.01.2019,07:05,1.13945,1.13946,1.13931,1.13941,94
17.01.2019,07:10,1.13942,1.13948,1.13927,1.13937,231
17.01.2019,07:15,1.13937,1.13952,1.13937,1.13951,120
17.01.2019,07:20,1.13951,1.13954,1.13939,1.13953,139
17.01.2019,07:25,1.13954,1.13960,1.13942,1.13942,181
17.01.2019,07:30,1.13944,1.13948,1.13929,1.13930,158
17.01.2019,07:35,1.13931,1.13931,1.13900,1.13908,235
17.01.2019,07:40,1.13907,1.13915,1.13881,1.13891,232
17.01.2019,07:45,1.13892,1.13911,1.13882,1.13902,192
17.01.2019,07:50,1.13901,1.13912,1.13895,1.13902,132
17.01.2019,07:55,1.13902,1.13918,1.13886,1.13897,165
17.01.2019,08:00,1.13898,1.13902,1.13884,1.13897,152
17.01.2019,08:05,1.13897,1.13897,1.13875,1.13876,87
17.01.2019,08:10,1.13876,1.13907,1.13875,1.13891,130
17.01.2019,08:15,1.13891,1.13901,1.13887,1.13898,101
17.01.2019,08:20,1.13898,1.13900,1.13876,1.13887,129
17.01.2019,08:25,1.13886,1.13887,1.13870,1.13877,92
17.01.2019,08:30,1.13877,1.13877,1.13858,1.13865,102
17.01.2019,08:35,1.13866,1.13881,1.13865,1.13876,98
17.01.2019,08:40,1.13877,1.13897,1.13876,1.13890,147
17.01.2019,08:45,1.13891,1.13897,1.13881,1.13886,79
17.01.2019,08:50,1.13887,1.13888,1.13868,1.13877,98
17.01.2019,08:55,1.13877,1.13893,1.13874,1.13879,145
17.01.2019,09:00,1.13879,1.13891,1.13846,1.13848,270
17.01.2019,09:05,1.13848,1.13858,1.13848,1.13853,93
17.01.2019,09:10,1.13852,1.13864,1.13850,1.13864,147
17.01.2019,09:15,1.13864,1.13868,1.13851,1.13857,127
17.01.2019,09:20,1.13858,1.13860,1.13847,1.13856,95
17.01.2019,09:25,1.13855,1.13857,1.13838,1.13843,210
17.01.2019,09:30,1.13842,1.13845,1.13830,1.13834,184
17.01.2019,09:35,1.13833,1.13853,1.13831,1.13843,128
17.01.2019,09:40,1.13843,1.13846,1.13836,1.13842,86
17.01.2019,09:45,1.13841,1.13844,1.13826,1.13829,151
17.01.2019,09:50,1.13830,1.13831,1.13816,1.13831,180
17.01.2019,09:55,1.13832,1.13841,1.13822,1.13822,123
17.01.2019,10:00,1.13822,1.13831,1.13817,1.13823,151
17.01.2019,10:05,1.13824,1.13824,1.13786,1.13791,220
17.01.2019,10:10,1.13791,1.13811,1.13788,1.13797,162
17.01.2019,10:15,1.13798,1.13803,1.13790,1.13798,152
17.01.2019,10:20,1.13800,1.13825,1.13800,1.13820,136
17.01.2019,10:25,1.13820,1.13825,1.13811,1.13818,153
17.01.2019,10:30,1.13817,1.13839,1.13817,1.13823,102
17.01.2019,10:35,1.13824,1.13838,1.13819,1.13836,147
17.01.2019,10:40,1.13835,1.13848,1.13832,1.13842,82
17.01.2019,10:45,1.13839,1.13850,1.13839,1.13848,127
17.01.2019,10:50,1.13849,1.13865,1.13844,1.13863,163
17.01.2019,10:55,1.13864,1.13873,1.13856,1.13873,122
17.01.2019,11:00,1.13871,1.13879,1.13865,1.13868,209
17.01.2019,11:05,1.13868,1.13872,1.13849,1.13867,161
17.01.2019,11:10,1.13867,1.13880,1.13863,1.13875,134
17.01.2019,11:15,1.13874,1.13884,1.13853,1.13864,193
17.01.2019,11:20,1.13863,1.13868,1.13847,1.13865,155
17.01.2019,11:25,1.13867,1.13893,1.13867,1.13887,179
17.01.2019,11:30,1.13888,1.13899,1.13872,1.13873,184
17.01.2019,11:35,1.13872,1.13905,1.13861,1.13903,175
17.01.2019,11:40,1.13901,1.13913,1.13871,1.13883,204
17.01.2019,11:45,1.13883,1.13894,1.13878,1.13885,132
17.01.2019,11:50,1.13887,1.13903,1.13841,1.13843,270
17.01.2019,11:55,1.13843,1.13875,1.13842,1.13868,254
17.01.2019,12:00,1.13865,1.13895,1.13857,1.13886,355
17.01.2019,12:05,1.13887,1.13939,1.13867,1.13877,503
17.01.2019,12:10,1.13876,1.13878,1.13737,1.13819,755
17.01.2019,12:15,1.13818,1.13855,1.13775,1.13787,428
17.01.2019,12:20,1.13787,1.13806,1.13708,1.13747,703
17.01.2019,12:25,1.13748,1.13778,1.13731,1.13768,364
17.01.2019,12:30,1.13768,1.13789,1.13741,1.13754,373
17.01.2019,12:35,1.13752,1.13766,1.13711,1.13764,386
17.01.2019,12:40,1.13763,1.13796,1.13756,1.13791,298
17.01.2019,12:45,1.13790,1.13830,1.13786,1.13826,461
17.01.2019,12:50,1.13825,1.13854,1.13807,1.13843,466
17.01.2019,12:55,1.13841,1.13881,1.13807,1.13875,500
17.01.2019,13:00,1.13874,1.13895,1.13856,1.13868,592
17.01.2019,13:05,1.13872,1.13895,1.13839,1.13895,435
17.01.2019,13:10,1.13893,1.13903,1.13869,1.13869,333
17.01.2019,13:15,1.13873,1.13901,1.13819,1.13836,473
17.01.2019,13:20,1.13838,1.13877,1.13838,1.13865,520
17.01.2019,13:25,1.13866,1.13885,1.13846,1.13870,383
17.01.2019,13:30,1.13870,1.13890,1.13863,1.13874,338
17.01.2019,13:35,1.13874,1.13880,1.13862,1.13874,365
17.01.2019,13:40,1.13875,1.13929,1.13874,1.13925,476
17.01.2019,13:45,1.13925,1.13974,1.13923,1.13973,522
17.01.2019,13:50,1.13973,1.13981,1.13942,1.13953,480
17.01.2019,13:55,1.13952,1.13976,1.13943,1.13953,407
17.01.2019,14:00,1.13952,1.13983,1.13926,1.13982,394
17.01.2019,14:05,1.13982,1.13983,1.13952,1.13963,353
17.01.2019,14:10,1.13964,1.13971,1.13947,1.13969,339
17.01.2019,14:15,1.13970,1.13983,1.13958,1.13970,285
17.01.2019,14:20,1.13969,1.13994,1.13959,1.13990,298
17.01.2019,14:25,1.13990,1.14013,1.13989,1.14002,401
17.01.2019,14:30,1.14003,1.14008,1.13993,1.13997,311
17.01.2019,14:35,1.13994,1.14000,1.13956,1.13958,397
17.01.2019,14:40,1.13958,1.13988,1.13957,1.13967,387
17.01.2019,14:45,1.13967,1.13976,1.13958,1.13964,306
17.01.2019,14:50,1.13963,1.13970,1.13943,1.13953,347
17.01.2019,14:55,1.13953,1.13959,1.13909,1.13932,590
17.01.2019,15:00,1.13931,1.13953,1.13919,1.13937,468
17.01.2019,15:05,1.13936,1.13973,1.13931,1.13945,461
17.01.2019,15:10,1.13944,1.13946,1.13884,1.13890,365
17.01.2019,15:15,1.13892,1.13927,1.13882,1.13927,426
17.01.2019,15:20,1.13928,1.13928,1.13899,1.13906,382
17.01.2019,15:25,1.13907,1.13928,1.13886,1.13913,350
17.01.2019,15:30,1.13915,1.13932,1.13910,1.13927,231
17.01.2019,15:35,1.13927,1.13997,1.13927,1.13985,408
17.01.2019,15:40,1.13985,1.14003,1.13982,1.13990,338
17.01.2019,15:45,1.13990,1.14010,1.13969,1.14003,273
17.01.2019,15:50,1.14003,1.14005,1.13984,1.13992,251
17.01.2019,15:55,1.13992,1.14014,1.13992,1.13996,281
17.01.2019,16:00,1.13997,1.14002,1.13966,1.13967,365
17.01.2019,16:05,1.13968,1.13990,1.13951,1.13976,303
17.01.2019,16:10,1.13974,1.13986,1.13965,1.13967,208
17.01.2019,16:15,1.13968,1.14013,1.13960,1.14005,259
17.01.2019,16:20,1.14005,1.14007,1.13989,1.13990,248
17.01.2019,16:25,1.13990,1.14021,1.13972,1.14002,504
17.01.2019,16:30,1.14001,1.14047,1.13989,1.14037,681
17.01.2019,16:35,1.14036,1.14047,1.14017,1.14022,446
17.01.2019,16:40,1.14022,1.14043,1.14019,1.14024,366
17.01.2019,16:45,1.14023,1.14032,1.13972,1.13981,426
17.01.2019,16:50,1.13980,1.13996,1.13969,1.13992,287
17.01.2019,16:55,1.13993,1.14026,1.13990,1.13992,419
17.01.2019,17:00,1.13994,1.14017,1.13987,1.13999,367
17.01.2019,17:05,1.13999,1.14030,1.13984,1.13997,425
17.01.2019,17:10,1.13997,1.14010,1.13993,1.13999,359
17.01.2019,17:15,1.13997,1.14003,1.13987,1.13989,282
17.01.2019,17:20,1.13989,1.14011,1.13986,1.14005,312
17.01.2019,17:25,1.14006,1.14028,1.13999,1.14012,333
17.01.2019,17:30,1.14011,1.14028,1.13995,1.14026,369
17.01.2019,17:35,1.14023,1.14047,1.14013,1.14044,268
17.01.2019,17:40,1.14045,1.14056,1.14030,1.14045,331
17.01.2019,17:45,1.14045,1.14053,1.14025,1.14029,353
17.01.2019,17:50,1.14029,1.14048,1.14023,1.14040,226
17.01.2019,17:55,1.14041,1.14044,1.13989,1.14007,447
17.01.2019,18:00,1.14008,1.14043,1.14006,1.14040,506
17.01.2019,18:05,1.14040,1.14042,1.14001,1.14008,524
17.01.2019,18:10,1.14009,1.14014,1.13956,1.13958,696
17.01.2019,18:15,1.13958,1.13974,1.13939,1.13973,551
17.01.2019,18:20,1.13975,1.13985,1.13963,1.13966,392
17.01.2019,18:25,1.13965,1.13999,1.13962,1.13984,484
17.01.2019,18:30,1.13985,1.13986,1.13824,1.13850,1191
17.01.2019,18:35,1.13850,1.13896,1.13823,1.13863,867
17.01.2019,18:40,1.13862,1.13884,1.13840,1.13876,636
17.01.2019,18:45,1.13876,1.13917,1.13870,1.13906,556
17.01.2019,18:50,1.13907,1.13954,1.13903,1.13946,484
17.01.2019,18:55,1.13945,1.13986,1.13920,1.13975,523
17.01.2019,19:00,1.13975,1.14003,1.13959,1.13978,646
17.01.2019,19:05,1.13980,1.13982,1.13954,1.13962,521
17.01.2019,19:10,1.13963,1.13963,1.13916,1.13923,624
17.01.2019,19:15,1.13922,1.13923,1.13900,1.13905,567
17.01.2019,19:20,1.13906,1.13931,1.13900,1.13915,517
17.01.2019,19:25,1.13916,1.13920,1.13890,1.13895,497
17.01.2019,19:30,1.13895,1.13926,1.13876,1.13898,711
17.01.2019,19:35,1.13900,1.13958,1.13896,1.13916,765
17.01.2019,19:40,1.13915,1.13915,1.13883,1.13904,654
17.01.2019,19:45,1.13904,1.13911,1.13871,1.13900,645
17.01.2019,19:50,1.13898,1.13901,1.13850,1.13883,728
17.01.2019,19:55,1.13882,1.13893,1.13846,1.13866,738
17.01.2019,20:00,1.13865,1.13898,1.13856,1.13888,650
17.01.2019,20:05,1.13891,1.13900,1.13872,1.13876,644
17.01.2019,20:10,1.13877,1.13902,1.13865,1.13897,564
17.01.2019,20:15,1.13897,1.13904,1.13870,1.13899,581
17.01.2019,20:20,1.13899,1.13918,1.13882,1.13915,700
17.01.2019,20:25,1.13915,1.13939,1.13905,1.13923,701
17.01.2019,20:30,1.13922,1.13923,1.13874,1.13876,626
17.01.2019,20:35,1.13874,1.13885,1.13760,1.13760,820
17.01.2019,20:40,1.13758,1.13782,1.13716,1.13751,939
17.01.2019,20:45,1.13751,1.13762,1.13696,1.13720,1013
17.01.2019,20:50,1.13719,1.13775,1.13713,1.13732,822
17.01.2019,20:55,1.13732,1.13801,1.13727,1.13800,873
17.01.2019,21:00,1.13799,1.13808,1.13773,1.13799,668
17.01.2019,21:05,1.13799,1.13863,1.13799,1.13808,1022
17.01.2019,21:10,1.13807,1.13827,1.13787,1.13814,586
17.01.2019,21:15,1.13813,1.13858,1.13802,1.13856,672
17.01.2019,21:20,1.13853,1.13928,1.13852,1.13889,680
17.01.2019,21:25,1.13888,1.13894,1.13841,1.13857,639
17.01.2019,21:30,1.13856,1.13864,1.13839,1.13862,405
17.01.2019,21:35,1.13863,1.13864,1.13832,1.13852,379
17.01.2019,21:40,1.13853,1.13858,1.13825,1.13833,304
17.01.2019,21:45,1.13832,1.13843,1.13823,1.13842,295
17.01.2019,21:50,1.13840,1.13858,1.13815,1.13818,276
17.01.2019,21:55,1.13818,1.13847,1.13786,1.13846,457
17.01.2019,22:00,1.13847,1.13881,1.13843,1.13873,428
17.01.2019,22:05,1.13873,1.13886,1.13870,1.13879,252
17.01.2019,22:10,1.13878,1.13879,1.13838,1.13840,282
17.01.2019,22:15,1.13840,1.13852,1.13820,1.13828,344
17.01.2019,22:20,1.13829,1.13862,1.13829,1.13848,384
17.01.2019,22:25,1.13849,1.13865,1.13846,1.13851,202
17.01.2019,22:30,1.13851,1.13852,1.13832,1.13840,196
17.01.2019,22:35,1.13840,1.13862,1.13831,1.13861,198
17.01.2019,22:40,1.13860,1.13861,1.13842,1.13855,189
17.01.2019,22:45,1.13856,1.13860,1.13829,1.13829,245
17.01.2019,22:50,1.13829,1.13854,1.13829,1.13841,205
17.01.2019,22:55,1.13841,1.13872,1.13833,1.13859,380
17.01.2019,23:00,1.13858,1.13886,1.13842,1.13885,356
17.01.2019,23:05,1.13885,1.13939,1.13885,1.13914,434
17.01.2019,23:10,1.13913,1.13938,1.13906,1.13930,315
17.01.2019,23:15,1.13929,1.13933,1.13909,1.13926,331
17.01.2019,23:20,1.13925,1.13926,1.13884,1.13889,336
17.01.2019,23:25,1.13888,1.13891,1.13853,1.13853,352
17.01.2019,23:30,1.13851,1.13864,1.13841,1.13857,423
17.01.2019,23:35,1.13858,1.13867,1.13849,1.13864,303
17.01.2019,23:40,1.13863,1.13889,1.13853,1.13889,349
17.01.2019,23:45,1.13888,1.13890,1.13843,1.13849,366
17.01.2019,23:50,1.13849,1.13850,1.13829,1.13844,235
17.01.2019,23:55,1.13846,1.13847,1.13800,1.13810,272
