<TICKER>,<PER>,<DATE>,<TIME>,<OPEN>,<HIGH>,<LOW>,<CLOSE>,<VOL>
SPFB.Eu-3.19,5,20190116,100500,77484.0000000,77484.0000000,77345.0000000,77376.0000000,893
SPFB.Eu-3.19,5,20190116,101000,77369.0000000,77406.0000000,77257.0000000,77341.0000000,2038
SPFB.Eu-3.19,5,20190116,101500,77338.0000000,77359.0000000,77308.0000000,77308.0000000,949
SPFB.Eu-3.19,5,20190116,102000,77313.0000000,77315.0000000,77184.0000000,77214.0000000,3327
SPFB.Eu-3.19,5,20190116,102500,77210.0000000,77249.0000000,77203.0000000,77243.0000000,1339
SPFB.Eu-3.19,5,20190116,103000,77235.0000000,77259.0000000,77218.0000000,77222.0000000,498
SPFB.Eu-3.19,5,20190116,103500,77225.0000000,77228.0000000,77202.0000000,77210.0000000,440
SPFB.Eu-3.19,5,20190116,104000,77213.0000000,77225.0000000,77187.0000000,77200.0000000,812
SPFB.Eu-3.19,5,20190116,104500,77196.0000000,77204.0000000,77130.0000000,77153.0000000,529
SPFB.Eu-3.19,5,20190116,105000,77159.0000000,77207.0000000,77150.0000000,77195.0000000,269
SPFB.Eu-3.19,5,20190116,105500,77187.0000000,77211.0000000,77179.0000000,77209.0000000,683
SPFB.Eu-3.19,5,20190116,110000,77200.0000000,77209.0000000,77126.0000000,77145.0000000,504
SPFB.Eu-3.19,5,20190116,110500,77136.0000000,77206.0000000,77114.0000000,77189.0000000,1434
SPFB.Eu-3.19,5,20190116,111000,77189.0000000,77199.0000000,77077.0000000,77101.0000000,1076
SPFB.Eu-3.19,5,20190116,111500,77104.0000000,77104.0000000,77050.0000000,77083.0000000,919
SPFB.Eu-3.19,5,20190116,112000,77079.0000000,77169.0000000,77069.0000000,77144.0000000,728
SPFB.Eu-3.19,5,20190116,112500,77132.0000000,77167.0000000,77111.0000000,77160.0000000,1082
SPFB.Eu-3.19,5,20190116,113000,77152.0000000,77164.0000000,77140.0000000,77161.0000000,219
SPFB.Eu-3.19,5,20190116,113500,77159.0000000,77164.0000000,77117.0000000,77145.0000000,547
SPFB.Eu-3.19,5,20190116,114000,77134.0000000,77163.0000000,77111.0000000,77111.0000000,421
SPFB.Eu-3.19,5,20190116,114500,77119.0000000,77123.0000000,77081.0000000,77088.0000000,833
SPFB.Eu-3.19,5,20190116,115000,77086.0000000,77137.0000000,77070.0000000,77135.0000000,690
SPFB.Eu-3.19,5,20190116,115500,77126.0000000,77151.0000000,77126.0000000,77140.0000000,261
SPFB.Eu-3.19,5,20190116,120000,77138.0000000,77177.0000000,77136.0000000,77169.0000000,241
SPFB.Eu-3.19,5,20190116,120500,77163.0000000,77185.0000000,77151.0000000,77178.0000000,292
SPFB.Eu-3.19,5,20190116,121000,77185.0000000,77195.0000000,77164.0000000,77190.0000000,343
SPFB.Eu-3.19,5,20190116,121500,77187.0000000,77229.0000000,77183.0000000,77212.0000000,451
SPFB.Eu-3.19,5,20190116,122000,77212.0000000,77227.0000000,77191.0000000,77208.0000000,764
SPFB.Eu-3.19,5,20190116,122500,77200.0000000,77208.0000000,77173.0000000,77207.0000000,113
SPFB.Eu-3.19,5,20190116,123000,77204.0000000,77204.0000000,77177.0000000,77186.0000000,235
SPFB.Eu-3.19,5,20190116,123500,77182.0000000,77216.0000000,77176.0000000,77210.0000000,273
SPFB.Eu-3.19,5,20190116,124000,77210.0000000,77214.0000000,77173.0000000,77184.0000000,478
SPFB.Eu-3.19,5,20190116,124500,77180.0000000,77197.0000000,77168.0000000,77175.0000000,776
SPFB.Eu-3.19,5,20190116,125000,77173.0000000,77196.0000000,77158.0000000,77193.0000000,139
SPFB.Eu-3.19,5,20190116,125500,77193.0000000,77198.0000000,77172.0000000,77182.0000000,663
SPFB.Eu-3.19,5,20190116,130000,77180.0000000,77224.0000000,77176.0000000,77184.0000000,255
SPFB.Eu-3.19,5,20190116,130500,77201.0000000,77225.0000000,77193.0000000,77225.0000000,481
SPFB.Eu-3.19,5,20190116,131000,77225.0000000,77229.0000000,77195.0000000,77200.0000000,763
SPFB.Eu-3.19,5,20190116,131500,77196.0000000,77200.0000000,77157.0000000,77163.0000000,119
SPFB.Eu-3.19,5,20190116,132000,77161.0000000,77177.0000000,77153.0000000,77164.0000000,213
SPFB.Eu-3.19,5,20190116,132500,77160.0000000,77191.0000000,77154.0000000,77191.0000000,242
SPFB.Eu-3.19,5,20190116,133000,77187.0000000,77210.0000000,77185.0000000,77193.0000000,297
SPFB.Eu-3.19,5,20190116,133500,77197.0000000,77204.0000000,77156.0000000,77166.0000000,192
SPFB.Eu-3.19,5,20190116,134000,77161.0000000,77166.0000000,77134.0000000,77160.0000000,107
SPFB.Eu-3.19,5,20190116,134500,77160.0000000,77160.0000000,77132.0000000,77132.0000000,182
SPFB.Eu-3.19,5,20190116,135000,77139.0000000,77176.0000000,77139.0000000,77149.0000000,156
SPFB.Eu-3.19,5,20190116,135500,77152.0000000,77172.0000000,77152.0000000,77162.0000000,69
SPFB.Eu-3.19,5,20190116,140000,77165.0000000,77173.0000000,77138.0000000,77156.0000000,157
SPFB.Eu-3.19,5,20190116,141000,77155.0000000,77186.0000000,77135.0000000,77176.0000000,352
SPFB.Eu-3.19,5,20190116,141500,77179.0000000,77188.0000000,77156.0000000,77169.0000000,247
SPFB.Eu-3.19,5,20190116,142000,77177.0000000,77180.0000000,77144.0000000,77151.0000000,134
SPFB.Eu-3.19,5,20190116,142500,77152.0000000,77154.0000000,77116.0000000,77131.0000000,398
SPFB.Eu-3.19,5,20190116,143000,77135.0000000,77152.0000000,77109.0000000,77109.0000000,290
SPFB.Eu-3.19,5,20190116,143500,77107.0000000,77121.0000000,77083.0000000,77092.0000000,165
SPFB.Eu-3.19,5,20190116,144000,77088.0000000,77102.0000000,77086.0000000,77088.0000000,170
SPFB.Eu-3.19,5,20190116,144500,77093.0000000,77097.0000000,77066.0000000,77070.0000000,808
SPFB.Eu-3.19,5,20190116,145000,77071.0000000,77075.0000000,77014.0000000,77014.0000000,598
SPFB.Eu-3.19,5,20190116,145500,77020.0000000,77055.0000000,77005.0000000,77044.0000000,444
SPFB.Eu-3.19,5,20190116,150000,77044.0000000,77067.0000000,77037.0000000,77037.0000000,490
SPFB.Eu-3.19,5,20190116,150500,77037.0000000,77053.0000000,77032.0000000,77040.0000000,94
SPFB.Eu-3.19,5,20190116,151000,77049.0000000,77061.0000000,77046.0000000,77061.0000000,76
SPFB.Eu-3.19,5,20190116,151500,77061.0000000,77081.0000000,77058.0000000,77076.0000000,184
SPFB.Eu-3.19,5,20190116,152000,77079.0000000,77085.0000000,77076.0000000,77082.0000000,140
SPFB.Eu-3.19,5,20190116,152500,77073.0000000,77081.0000000,77046.0000000,77046.0000000,499
SPFB.Eu-3.19,5,20190116,153000,77044.0000000,77044.0000000,77009.0000000,77018.0000000,468
SPFB.Eu-3.19,5,20190116,153500,77018.0000000,77029.0000000,77000.0000000,77015.0000000,985
SPFB.Eu-3.19,5,20190116,154000,77015.0000000,77019.0000000,77007.0000000,77010.0000000,162
SPFB.Eu-3.19,5,20190116,154500,77016.0000000,77047.0000000,77000.0000000,77046.0000000,337
SPFB.Eu-3.19,5,20190116,155000,77045.0000000,77052.0000000,77018.0000000,77024.0000000,241
SPFB.Eu-3.19,5,20190116,155500,77018.0000000,77025.0000000,77001.0000000,77014.0000000,95
SPFB.Eu-3.19,5,20190116,160000,77011.0000000,77022.0000000,77004.0000000,77010.0000000,147
SPFB.Eu-3.19,5,20190116,160500,77013.0000000,77022.0000000,77005.0000000,77022.0000000,58
SPFB.Eu-3.19,5,20190116,161000,77022.0000000,77026.0000000,77007.0000000,77010.0000000,65
SPFB.Eu-3.19,5,20190116,161500,77010.0000000,77014.0000000,76973.0000000,76981.0000000,1188
SPFB.Eu-3.19,5,20190116,162000,76970.0000000,77023.0000000,76961.0000000,77021.0000000,474
SPFB.Eu-3.19,5,20190116,162500,77015.0000000,77022.0000000,77007.0000000,77007.0000000,75
SPFB.Eu-3.19,5,20190116,163000,77012.0000000,77049.0000000,77006.0000000,77045.0000000,269
SPFB.Eu-3.19,5,20190116,163500,77045.0000000,77049.0000000,77014.0000000,77018.0000000,59
SPFB.Eu-3.19,5,20190116,164000,77021.0000000,77025.0000000,77002.0000000,77005.0000000,92
SPFB.Eu-3.19,5,20190116,164500,77004.0000000,77010.0000000,76989.0000000,76989.0000000,161
SPFB.Eu-3.19,5,20190116,165000,76988.0000000,76994.0000000,76974.0000000,76979.0000000,105
SPFB.Eu-3.19,5,20190116,165500,76978.0000000,76988.0000000,76972.0000000,76984.0000000,46
SPFB.Eu-3.19,5,20190116,170000,76980.0000000,76992.0000000,76905.0000000,76905.0000000,1994
SPFB.Eu-3.19,5,20190116,170500,76908.0000000,76929.0000000,76879.0000000,76897.0000000,466
SPFB.Eu-3.19,5,20190116,171000,76900.0000000,76934.0000000,76870.0000000,76932.0000000,2707
SPFB.Eu-3.19,5,20190116,171500,76928.0000000,76939.0000000,76890.0000000,76907.0000000,752
SPFB.Eu-3.19,5,20190116,172000,76897.0000000,76917.0000000,76863.0000000,76881.0000000,1615
SPFB.Eu-3.19,5,20190116,172500,76876.0000000,76920.0000000,76858.0000000,76909.0000000,788
SPFB.Eu-3.19,5,20190116,173000,76905.0000000,76940.0000000,76888.0000000,76891.0000000,555
SPFB.Eu-3.19,5,20190116,173500,76894.0000000,76908.0000000,76882.0000000,76900.0000000,331
SPFB.Eu-3.19,5,20190116,174000,76892.0000000,76897.0000000,76856.0000000,76859.0000000,368
SPFB.Eu-3.19,5,20190116,174500,76861.0000000,76882.0000000,76840.0000000,76852.0000000,695
SPFB.Eu-3.19,5,20190116,175000,76848.0000000,76848.0000000,76777.0000000,76798.0000000,1781
SPFB.Eu-3.19,5,20190116,175500,76787.0000000,76828.0000000,76770.0000000,76817.0000000,2099
SPFB.Eu-3.19,5,20190116,180000,76819.0000000,76826.0000000,76803.0000000,76817.0000000,407
SPFB.Eu-3.19,5,20190116,180500,76816.0000000,76824.0000000,76796.0000000,76802.0000000,789
SPFB.Eu-3.19,5,20190116,181000,76803.0000000,76828.0000000,76785.0000000,76791.0000000,528
SPFB.Eu-3.19,5,20190116,181500,76799.0000000,76800.0000000,76768.0000000,76781.0000000,773
SPFB.Eu-3.19,5,20190116,182000,76781.0000000,76839.0000000,76774.0000000,76839.0000000,576
SPFB.Eu-3.19,5,20190116,182500,76837.0000000,76881.0000000,76830.0000000,76873.0000000,846
SPFB.Eu-3.19,5,20190116,183000,76872.0000000,76881.0000000,76820.0000000,76821.0000000,206
SPFB.Eu-3.19,5,20190116,183500,76821.0000000,76865.0000000,76786.0000000,76860.0000000,426
SPFB.Eu-3.19,5,20190116,184000,76867.0000000,76886.0000000,76855.0000000,76881.0000000,678
SPFB.Eu-3.19,5,20190116,184500,76883.0000000,76923.0000000,76870.0000000,76871.0000000,460
SPFB.Eu-3.19,5,20190116,191000,76820.0000000,76891.0000000,76820.0000000,76852.0000000,165
SPFB.Eu-3.19,5,20190116,191500,76846.0000000,76874.0000000,76839.0000000,76854.0000000,36
SPFB.Eu-3.19,5,20190116,192000,76854.0000000,76854.0000000,76781.0000000,76787.0000000,132
SPFB.Eu-3.19,5,20190116,192500,76780.0000000,76805.0000000,76777.0000000,76802.0000000,434
SPFB.Eu-3.19,5,20190116,193000,76825.0000000,76825.0000000,76716.0000000,76740.0000000,498
SPFB.Eu-3.19,5,20190116,193500,76742.0000000,76766.0000000,76737.0000000,76754.0000000,222
SPFB.Eu-3.19,5,20190116,194000,76743.0000000,76773.0000000,76711.0000000,76773.0000000,784
SPFB.Eu-3.19,5,20190116,194500,76779.0000000,76793.0000000,76732.0000000,76732.0000000,131
SPFB.Eu-3.19,5,20190116,195000,76712.0000000,76770.0000000,76711.0000000,76767.0000000,234
SPFB.Eu-3.19,5,20190116,195500,76767.0000000,76770.0000000,76730.0000000,76730.0000000,175
SPFB.Eu-3.19,5,20190116,200000,76720.0000000,76750.0000000,76684.0000000,76688.0000000,576
SPFB.Eu-3.19,5,20190116,200500,76686.0000000,76702.0000000,76656.0000000,76702.0000000,670
SPFB.Eu-3.19,5,20190116,201000,76707.0000000,76715.0000000,76665.0000000,76671.0000000,317
SPFB.Eu-3.19,5,20190116,201500,76671.0000000,76684.0000000,76640.0000000,76675.0000000,502
SPFB.Eu-3.19,5,20190116,202000,76679.0000000,76714.0000000,76679.0000000,76682.0000000,258
SPFB.Eu-3.19,5,20190116,202500,76675.0000000,76696.0000000,76674.0000000,76695.0000000,59
SPFB.Eu-3.19,5,20190116,203000,76705.0000000,76720.0000000,76702.0000000,76714.0000000,351
SPFB.Eu-3.19,5,20190116,203500,76695.0000000,76714.0000000,76695.0000000,76714.0000000,27
SPFB.Eu-3.19,5,20190116,204000,76679.0000000,76683.0000000,76663.0000000,76676.0000000,152
SPFB.Eu-3.19,5,20190116,204500,76672.0000000,76708.0000000,76656.0000000,76705.0000000,197
SPFB.Eu-3.19,5,20190116,205000,76701.0000000,76731.0000000,76700.0000000,76724.0000000,110
SPFB.Eu-3.19,5,20190116,205500,76712.0000000,76712.0000000,76682.0000000,76685.0000000,118
SPFB.Eu-3.19,5,20190116,210000,76685.0000000,76693.0000000,76678.0000000,76693.0000000,372
SPFB.Eu-3.19,5,20190116,210500,76693.0000000,76704.0000000,76676.0000000,76676.0000000,128
SPFB.Eu-3.19,5,20190116,211000,76686.0000000,76699.0000000,76686.0000000,76689.0000000,149
SPFB.Eu-3.19,5,20190116,211500,76695.0000000,76704.0000000,76695.0000000,76704.0000000,11
SPFB.Eu-3.19,5,20190116,212000,76700.0000000,76729.0000000,76700.0000000,76729.0000000,56
SPFB.Eu-3.19,5,20190116,212500,76727.0000000,76735.0000000,76712.0000000,76712.0000000,31
SPFB.Eu-3.19,5,20190116,213000,76717.0000000,76730.0000000,76706.0000000,76730.0000000,47
SPFB.Eu-3.19,5,20190116,213500,76729.0000000,76737.0000000,76729.0000000,76732.0000000,79
SPFB.Eu-3.19,5,20190116,214000,76737.0000000,76737.0000000,76722.0000000,76722.0000000,90
SPFB.Eu-3.19,5,20190116,214500,76722.0000000,76740.0000000,76722.0000000,76735.0000000,39
SPFB.Eu-3.19,5,20190116,215000,76732.0000000,76739.0000000,76690.0000000,76696.0000000,117
SPFB.Eu-3.19,5,20190116,215500,76696.0000000,76704.0000000,76680.0000000,76688.0000000,171
SPFB.Eu-3.19,5,20190116,220000,76684.0000000,76684.0000000,76668.0000000,76668.0000000,95
SPFB.Eu-3.19,5,20190116,220500,76670.0000000,76682.0000000,76651.0000000,76653.0000000,110
SPFB.Eu-3.19,5,20190116,221000,76653.0000000,76699.0000000,76644.0000000,76663.0000000,406
SPFB.Eu-3.19,5,20190116,221500,76647.0000000,76667.0000000,76646.0000000,76667.0000000,27
SPFB.Eu-3.19,5,20190116,222000,76669.0000000,76687.0000000,76642.0000000,76661.0000000,110
SPFB.Eu-3.19,5,20190116,222500,76641.0000000,76657.0000000,76629.0000000,76654.0000000,52
SPFB.Eu-3.19,5,20190116,223000,76654.0000000,76654.0000000,76628.0000000,76640.0000000,56
SPFB.Eu-3.19,5,20190116,223500,76640.0000000,76651.0000000,76627.0000000,76629.0000000,137
SPFB.Eu-3.19,5,20190116,224000,76632.0000000,76632.0000000,76606.0000000,76620.0000000,120
SPFB.Eu-3.19,5,20190116,224500,76635.0000000,76648.0000000,76628.0000000,76648.0000000,71
SPFB.Eu-3.19,5,20190116,225000,76653.0000000,76662.0000000,76651.0000000,76655.0000000,31
SPFB.Eu-3.19,5,20190116,225500,76653.0000000,76653.0000000,76626.0000000,76626.0000000,29
SPFB.Eu-3.19,5,20190116,230000,76633.0000000,76633.0000000,76619.0000000,76620.0000000,8
SPFB.Eu-3.19,5,20190116,230500,76625.0000000,76630.0000000,76610.0000000,76610.0000000,78
SPFB.Eu-3.19,5,20190116,231000,76623.0000000,76648.0000000,76621.0000000,76648.0000000,129
SPFB.Eu-3.19,5,20190116,231500,76665.0000000,76675.0000000,76651.0000000,76675.0000000,92
SPFB.Eu-3.19,5,20190116,232000,76671.0000000,76672.0000000,76659.0000000,76669.0000000,61
SPFB.Eu-3.19,5,20190116,232500,76663.0000000,76663.0000000,76632.0000000,76641.0000000,202
SPFB.Eu-3.19,5,20190116,233000,76640.0000000,76646.0000000,76622.0000000,76646.0000000,139
SPFB.Eu-3.19,5,20190116,233500,76640.0000000,76667.0000000,76637.0000000,76667.0000000,288
SPFB.Eu-3.19,5,20190116,234000,76666.0000000,76696.0000000,76666.0000000,76688.0000000,167
SPFB.Eu-3.19,5,20190116,234500,76689.0000000,76689.0000000,76671.0000000,76672.0000000,148
SPFB.Eu-3.19,5,20190116,235000,76682.0000000,76687.0000000,76674.0000000,76684.0000000,90
SPFB.Eu-3.19,5,20190117,100500,76674.0000000,76674.0000000,76556.0000000,76651.0000000,755
SPFB.Eu-3.19,5,20190117,101000,76653.0000000,76659.0000000,76589.0000000,76622.0000000,1140
SPFB.Eu-3.19,5,20190117,101500,76612.0000000,76642.0000000,76544.0000000,76583.0000000,1043
SPFB.Eu-3.19,5,20190117,102000,76588.0000000,76636.0000000,76561.0000000,76565.0000000,2228
SPFB.Eu-3.19,5,20190117,102500,76564.0000000,76593.0000000,76549.0000000,76584.0000000,2931
SPFB.Eu-3.19,5,20190117,103000,76582.0000000,76662.0000000,76570.0000000,76648.0000000,2172
SPFB.Eu-3.19,5,20190117,103500,76644.0000000,76695.0000000,76633.0000000,76672.0000000,2258
SPFB.Eu-3.19,5,20190117,104000,76662.0000000,76673.0000000,76637.0000000,76637.0000000,545
SPFB.Eu-3.19,5,20190117,104500,76634.0000000,76689.0000000,76630.0000000,76688.0000000,1040
SPFB.Eu-3.19,5,20190117,105000,76687.0000000,76719.0000000,76675.0000000,76711.0000000,1533
SPFB.Eu-3.19,5,20190117,105500,76712.0000000,76717.0000000,76688.0000000,76697.0000000,236
SPFB.Eu-3.19,5,20190117,110000,76686.0000000,76702.0000000,76676.0000000,76697.0000000,793
SPFB.Eu-3.19,5,20190117,110500,76697.0000000,76723.0000000,76687.0000000,76718.0000000,780
SPFB.Eu-3.19,5,20190117,111000,76712.0000000,76714.0000000,76678.0000000,76696.0000000,292
SPFB.Eu-3.19,5,20190117,111500,76690.0000000,76726.0000000,76685.0000000,76703.0000000,797
SPFB.Eu-3.19,5,20190117,112000,76698.0000000,76750.0000000,76695.0000000,76735.0000000,3030
SPFB.Eu-3.19,5,20190117,112500,76747.0000000,76795.0000000,76746.0000000,76784.0000000,1387
SPFB.Eu-3.19,5,20190117,113000,76791.0000000,76791.0000000,76740.0000000,76772.0000000,1236
SPFB.Eu-3.19,5,20190117,113500,76772.0000000,76780.0000000,76742.0000000,76751.0000000,583
SPFB.Eu-3.19,5,20190117,114000,76743.0000000,76770.0000000,76742.0000000,76770.0000000,242
SPFB.Eu-3.19,5,20190117,114500,76769.0000000,76779.0000000,76744.0000000,76767.0000000,1374
SPFB.Eu-3.19,5,20190117,115000,76764.0000000,76784.0000000,76754.0000000,76781.0000000,239
SPFB.Eu-3.19,5,20190117,115500,76781.0000000,76785.0000000,76750.0000000,76752.0000000,199
SPFB.Eu-3.19,5,20190117,120000,76761.0000000,76777.0000000,76757.0000000,76766.0000000,429
SPFB.Eu-3.19,5,20190117,120500,76767.0000000,76793.0000000,76757.0000000,76789.0000000,1387
SPFB.Eu-3.19,5,20190117,121000,76790.0000000,76792.0000000,76769.0000000,76769.0000000,127
SPFB.Eu-3.19,5,20190117,121500,76774.0000000,76830.0000000,76769.0000000,76830.0000000,539
SPFB.Eu-3.19,5,20190117,122000,76831.0000000,76855.0000000,76820.0000000,76845.0000000,597
SPFB.Eu-3.19,5,20190117,122500,76853.0000000,76896.0000000,76841.0000000,76887.0000000,1085
SPFB.Eu-3.19,5,20190117,123000,76892.0000000,76910.0000000,76874.0000000,76874.0000000,1083
SPFB.Eu-3.19,5,20190117,123500,76880.0000000,76892.0000000,76866.0000000,76885.0000000,628
SPFB.Eu-3.19,5,20190117,124000,76885.0000000,76891.0000000,76861.0000000,76866.0000000,610
SPFB.Eu-3.19,5,20190117,124500,76866.0000000,76904.0000000,76851.0000000,76886.0000000,689
SPFB.Eu-3.19,5,20190117,125000,76891.0000000,76893.0000000,76857.0000000,76864.0000000,404
SPFB.Eu-3.19,5,20190117,125500,76867.0000000,76870.0000000,76841.0000000,76856.0000000,177
SPFB.Eu-3.19,5,20190117,130000,76850.0000000,76870.0000000,76824.0000000,76845.0000000,412
SPFB.Eu-3.19,5,20190117,130500,76848.0000000,76855.0000000,76835.0000000,76835.0000000,104
SPFB.Eu-3.19,5,20190117,131000,76840.0000000,76856.0000000,76839.0000000,76843.0000000,66
SPFB.Eu-3.19,5,20190117,131500,76843.0000000,76847.0000000,76820.0000000,76829.0000000,95
SPFB.Eu-3.19,5,20190117,132000,76821.0000000,76830.0000000,76812.0000000,76830.0000000,942
SPFB.Eu-3.19,5,20190117,132500,76827.0000000,76827.0000000,76817.0000000,76825.0000000,81
SPFB.Eu-3.19,5,20190117,133000,76827.0000000,76850.0000000,76822.0000000,76838.0000000,317
SPFB.Eu-3.19,5,20190117,133500,76837.0000000,76851.0000000,76828.0000000,76846.0000000,662
SPFB.Eu-3.19,5,20190117,134000,76856.0000000,76885.0000000,76843.0000000,76884.0000000,219
SPFB.Eu-3.19,5,20190117,134500,76879.0000000,76890.0000000,76870.0000000,76883.0000000,580
SPFB.Eu-3.19,5,20190117,135000,76883.0000000,76883.0000000,76865.0000000,76880.0000000,451
SPFB.Eu-3.19,5,20190117,135500,76881.0000000,76887.0000000,76870.0000000,76881.0000000,403
SPFB.Eu-3.19,5,20190117,140000,76882.0000000,76886.0000000,76862.0000000,76874.0000000,444
SPFB.Eu-3.19,5,20190117,141000,76865.0000000,76883.0000000,76848.0000000,76862.0000000,426
SPFB.Eu-3.19,5,20190117,141500,76852.0000000,76873.0000000,76842.0000000,76857.0000000,147
SPFB.Eu-3.19,5,20190117,142000,76862.0000000,76890.0000000,76862.0000000,76890.0000000,407
SPFB.Eu-3.19,5,20190117,142500,76890.0000000,76904.0000000,76880.0000000,76903.0000000,619
SPFB.Eu-3.19,5,20190117,143000,76905.0000000,76905.0000000,76886.0000000,76888.0000000,530
SPFB.Eu-3.19,5,20190117,143500,76894.0000000,76898.0000000,76886.0000000,76886.0000000,284
SPFB.Eu-3.19,5,20190117,144000,76887.0000000,76890.0000000,76847.0000000,76847.0000000,821
SPFB.Eu-3.19,5,20190117,144500,76843.0000000,76859.0000000,76837.0000000,76850.0000000,860
SPFB.Eu-3.19,5,20190117,145000,76851.0000000,76853.0000000,76800.0000000,76814.0000000,640
SPFB.Eu-3.19,5,20190117,145500,76814.0000000,76820.0000000,76780.0000000,76807.0000000,366
SPFB.Eu-3.19,5,20190117,150000,76813.0000000,76839.0000000,76812.0000000,76829.0000000,115
SPFB.Eu-3.19,5,20190117,150500,76834.0000000,76842.0000000,76829.0000000,76833.0000000,509
SPFB.Eu-3.19,5,20190117,151000,76837.0000000,76870.0000000,76836.0000000,76845.0000000,979
SPFB.Eu-3.19,5,20190117,151500,76849.0000000,76866.0000000,76844.0000000,76862.0000000,181
SPFB.Eu-3.19,5,20190117,152000,76864.0000000,76880.0000000,76860.0000000,76867.0000000,539
SPFB.Eu-3.19,5,20190117,152500,76867.0000000,76897.0000000,76861.0000000,76897.0000000,575
SPFB.Eu-3.19,5,20190117,153000,76897.0000000,76901.0000000,76876.0000000,76893.0000000,650
SPFB.Eu-3.19,5,20190117,153500,76894.0000000,76925.0000000,76890.0000000,76925.0000000,604
SPFB.Eu-3.19,5,20190117,154000,76917.0000000,76945.0000000,76916.0000000,76928.0000000,756
SPFB.Eu-3.19,5,20190117,154500,76928.0000000,76940.0000000,76921.0000000,76939.0000000,392
SPFB.Eu-3.19,5,20190117,155000,76934.0000000,76942.0000000,76921.0000000,76935.0000000,1188
SPFB.Eu-3.19,5,20190117,155500,76938.0000000,76942.0000000,76843.0000000,76866.0000000,1992
SPFB.Eu-3.19,5,20190117,160000,76865.0000000,76885.0000000,76861.0000000,76874.0000000,421
SPFB.Eu-3.19,5,20190117,160500,76884.0000000,76940.0000000,76884.0000000,76936.0000000,540
SPFB.Eu-3.19,5,20190117,161000,76925.0000000,76931.0000000,76901.0000000,76925.0000000,153
SPFB.Eu-3.19,5,20190117,161500,76931.0000000,76957.0000000,76916.0000000,76939.0000000,567
SPFB.Eu-3.19,5,20190117,162000,76946.0000000,76989.0000000,76939.0000000,76989.0000000,775
SPFB.Eu-3.19,5,20190117,162500,76985.0000000,76996.0000000,76920.0000000,76920.0000000,1799
SPFB.Eu-3.19,5,20190117,163000,76929.0000000,76969.0000000,76929.0000000,76945.0000000,457
SPFB.Eu-3.19,5,20190117,163500,76949.0000000,76957.0000000,76839.0000000,76855.0000000,3390
SPFB.Eu-3.19,5,20190117,164000,76856.0000000,76885.0000000,76855.0000000,76885.0000000,242
SPFB.Eu-3.19,5,20190117,164500,76889.0000000,76905.0000000,76840.0000000,76851.0000000,707
SPFB.Eu-3.19,5,20190117,165000,76860.0000000,76906.0000000,76841.0000000,76906.0000000,388
SPFB.Eu-3.19,5,20190117,165500,76906.0000000,76911.0000000,76869.0000000,76869.0000000,413
SPFB.Eu-3.19,5,20190117,170000,76874.0000000,76901.0000000,76868.0000000,76900.0000000,153
SPFB.Eu-3.19,5,20190117,170500,76906.0000000,76970.0000000,76901.0000000,76956.0000000,281
SPFB.Eu-3.19,5,20190117,171000,76956.0000000,76979.0000000,76944.0000000,76965.0000000,332
SPFB.Eu-3.19,5,20190117,171500,76964.0000000,76967.0000000,76932.0000000,76935.0000000,336
SPFB.Eu-3.19,5,20190117,172000,76941.0000000,76950.0000000,76914.0000000,76932.0000000,443
SPFB.Eu-3.19,5,20190117,172500,76932.0000000,76972.0000000,76932.0000000,76972.0000000,324
SPFB.Eu-3.19,5,20190117,173000,76969.0000000,76972.0000000,76939.0000000,76950.0000000,329
SPFB.Eu-3.19,5,20190117,173500,76950.0000000,76972.0000000,76920.0000000,76936.0000000,466
SPFB.Eu-3.19,5,20190117,174000,76942.0000000,76958.0000000,76913.0000000,76913.0000000,233
SPFB.Eu-3.19,5,20190117,174500,76912.0000000,76919.0000000,76882.0000000,76900.0000000,496
SPFB.Eu-3.19,5,20190117,175000,76897.0000000,76900.0000000,76872.0000000,76876.0000000,359
SPFB.Eu-3.19,5,20190117,175500,76876.0000000,76890.0000000,76859.0000000,76890.0000000,194
SPFB.Eu-3.19,5,20190117,180000,76890.0000000,76910.0000000,76849.0000000,76893.0000000,467
SPFB.Eu-3.19,5,20190117,180500,76904.0000000,76923.0000000,76888.0000000,76888.0000000,7309
SPFB.Eu-3.19,5,20190117,181000,76903.0000000,76915.0000000,76896.0000000,76900.0000000,354
SPFB.Eu-3.19,5,20190117,181500,76901.0000000,76911.0000000,76877.0000000,76897.0000000,219
SPFB.Eu-3.19,5,20190117,182000,76886.0000000,76903.0000000,76864.0000000,76903.0000000,110
SPFB.Eu-3.19,5,20190117,182500,76904.0000000,76921.0000000,76900.0000000,76911.0000000,33
SPFB.Eu-3.19,5,20190117,183000,76901.0000000,76907.0000000,76881.0000000,76884.0000000,112
SPFB.Eu-3.19,5,20190117,183500,76879.0000000,76879.0000000,76830.0000000,76865.0000000,243
SPFB.Eu-3.19,5,20190117,184000,76856.0000000,76893.0000000,76849.0000000,76893.0000000,65
SPFB.Eu-3.19,5,20190117,184500,76898.0000000,76899.0000000,76820.0000000,76832.0000000,329
SPFB.Eu-3.19,5,20190117,191000,76813.0000000,76831.0000000,76766.0000000,76769.0000000,392
SPFB.Eu-3.19,5,20190117,191500,76771.0000000,76787.0000000,76706.0000000,76715.0000000,228
SPFB.Eu-3.19,5,20190117,192000,76714.0000000,76726.0000000,76674.0000000,76710.0000000,655
SPFB.Eu-3.19,5,20190117,192500,76715.0000000,76766.0000000,76701.0000000,76731.0000000,394
SPFB.Eu-3.19,5,20190117,193000,76721.0000000,76731.0000000,76706.0000000,76730.0000000,101
SPFB.Eu-3.19,5,20190117,193500,76741.0000000,76741.0000000,76701.0000000,76706.0000000,110
SPFB.Eu-3.19,5,20190117,194000,76701.0000000,76701.0000000,76675.0000000,76687.0000000,217
SPFB.Eu-3.19,5,20190117,194500,76684.0000000,76704.0000000,76670.0000000,76671.0000000,79
SPFB.Eu-3.19,5,20190117,195000,76664.0000000,76664.0000000,76632.0000000,76661.0000000,376
SPFB.Eu-3.19,5,20190117,195500,76663.0000000,76672.0000000,76659.0000000,76663.0000000,35
SPFB.Eu-3.19,5,20190117,200000,76660.0000000,76660.0000000,76605.0000000,76637.0000000,403
SPFB.Eu-3.19,5,20190117,200500,76630.0000000,76650.0000000,76618.0000000,76644.0000000,95
SPFB.Eu-3.19,5,20190117,201000,76641.0000000,76650.0000000,76590.0000000,76603.0000000,228
SPFB.Eu-3.19,5,20190117,201500,76596.0000000,76628.0000000,76563.0000000,76578.0000000,242
SPFB.Eu-3.19,5,20190117,202000,76570.0000000,76583.0000000,76548.0000000,76582.0000000,414
SPFB.Eu-3.19,5,20190117,202500,76583.0000000,76604.0000000,76583.0000000,76604.0000000,58
SPFB.Eu-3.19,5,20190117,203000,76604.0000000,76619.0000000,76583.0000000,76597.0000000,568
SPFB.Eu-3.19,5,20190117,203500,76595.0000000,76601.0000000,76589.0000000,76596.0000000,64
SPFB.Eu-3.19,5,20190117,204000,76618.0000000,76625.0000000,76600.0000000,76602.0000000,614
SPFB.Eu-3.19,5,20190117,204500,76600.0000000,76630.0000000,76600.0000000,76625.0000000,263
SPFB.Eu-3.19,5,20190117,205000,76620.0000000,76629.0000000,76601.0000000,76625.0000000,305
SPFB.Eu-3.19,5,20190117,205500,76609.0000000,76620.0000000,76609.0000000,76614.0000000,13
SPFB.Eu-3.19,5,20190117,210000,76618.0000000,76659.0000000,76618.0000000,76646.0000000,111
SPFB.Eu-3.19,5,20190117,210500,76642.0000000,76642.0000000,76611.0000000,76622.0000000,93
SPFB.Eu-3.19,5,20190117,211000,76646.0000000,76646.0000000,76619.0000000,76627.0000000,47
SPFB.Eu-3.19,5,20190117,211500,76634.0000000,76643.0000000,76634.0000000,76642.0000000,26
SPFB.Eu-3.19,5,20190117,212000,76643.0000000,76661.0000000,76643.0000000,76660.0000000,30
SPFB.Eu-3.19,5,20190117,212500,76660.0000000,76660.0000000,76600.0000000,76619.0000000,118
SPFB.Eu-3.19,5,20190117,213000,76611.0000000,76611.0000000,76600.0000000,76611.0000000,713
SPFB.Eu-3.19,5,20190117,213500,76611.0000000,76615.0000000,76571.0000000,76578.0000000,949
SPFB.Eu-3.19,5,20190117,214000,76571.0000000,76572.0000000,76551.0000000,76551.0000000,99
SPFB.Eu-3.19,5,20190117,214500,76553.0000000,76568.0000000,76536.0000000,76567.0000000,557
SPFB.Eu-3.19,5,20190117,215000,76562.0000000,76562.0000000,76526.0000000,76548.0000000,554
SPFB.Eu-3.19,5,20190117,215500,76536.0000000,76569.0000000,76536.0000000,76569.0000000,210
SPFB.Eu-3.19,5,20190117,220000,76568.0000000,76573.0000000,76550.0000000,76552.0000000,53
SPFB.Eu-3.19,5,20190117,220500,76567.0000000,76570.0000000,76540.0000000,76569.0000000,364
SPFB.Eu-3.19,5,20190117,221000,76566.0000000,76577.0000000,76566.0000000,76571.0000000,17
SPFB.Eu-3.19,5,20190117,221500,76575.0000000,76580.0000000,76567.0000000,76577.0000000,51
SPFB.Eu-3.19,5,20190117,222000,76577.0000000,76595.0000000,76576.0000000,76593.0000000,64
SPFB.Eu-3.19,5,20190117,222500,76595.0000000,76601.0000000,76595.0000000,76601.0000000,35
SPFB.Eu-3.19,5,20190117,223000,76605.0000000,76654.0000000,76604.0000000,76640.0000000,382
SPFB.Eu-3.19,5,20190117,223500,76632.0000000,76634.0000000,76625.0000000,76631.0000000,33
SPFB.Eu-3.19,5,20190117,224000,76633.0000000,76640.0000000,76615.0000000,76616.0000000,32
SPFB.Eu-3.19,5,20190117,224500,76610.0000000,76616.0000000,76571.0000000,76580.0000000,427
SPFB.Eu-3.19,5,20190117,225000,76570.0000000,76572.0000000,76531.0000000,76551.0000000,784
SPFB.Eu-3.19,5,20190117,225500,76544.0000000,76580.0000000,76521.0000000,76547.0000000,296
SPFB.Eu-3.19,5,20190117,230000,76553.0000000,76615.0000000,76550.0000000,76589.0000000,389
SPFB.Eu-3.19,5,20190117,230500,76599.0000000,76624.0000000,76599.0000000,76621.0000000,33
SPFB.Eu-3.19,5,20190117,231000,76621.0000000,76628.0000000,76582.0000000,76604.0000000,167
SPFB.Eu-3.19,5,20190117,231500,76589.0000000,76589.0000000,76585.0000000,76585.0000000,9
SPFB.Eu-3.19,5,20190117,232000,76600.0000000,76600.0000000,76587.0000000,76587.0000000,7
SPFB.Eu-3.19,5,20190117,232500,76601.0000000,76607.0000000,76601.0000000,76607.0000000,112
SPFB.Eu-3.19,5,20190117,233000,76593.0000000,76594.0000000,76593.0000000,76594.0000000,4
SPFB.Eu-3.19,5,20190117,233500,76595.0000000,76615.0000000,76595.0000000,76610.0000000,223
SPFB.Eu-3.19,5,20190117,234000,76609.0000000,76616.0000000,76609.0000000,76615.0000000,151
SPFB.Eu-3.19,5,20190117,234500,76614.0000000,76619.0000000,76607.0000000,76610.0000000,60
SPFB.Eu-3.19,5,20190117,235000,76610.0000000,76620.0000000,76610.0000000,76620.0000000,102

