<TICKER>,<PER>,<DATE>,<TIME>,<OPEN>,<HIGH>,<LOW>,<CLOSE>,<VOL>
SPFB.Si-3.19,5,20190116,100500,67538.0000000,67571.0000000,67468.0000000,67514.0000000,23454
SPFB.Si-3.19,5,20190116,101000,67509.0000000,67520.0000000,67394.0000000,67464.0000000,41849
SPFB.Si-3.19,5,20190116,101500,67465.0000000,67466.0000000,67422.0000000,67434.0000000,20261
SPFB.Si-3.19,5,20190116,102000,67432.0000000,67432.0000000,67302.0000000,67335.0000000,116816
SPFB.Si-3.19,5,20190116,102500,67336.0000000,67382.0000000,67323.0000000,67351.0000000,37944
SPFB.Si-3.19,5,20190116,103000,67351.0000000,67376.0000000,67341.0000000,67348.0000000,13560
SPFB.Si-3.19,5,20190116,103500,67345.0000000,67380.0000000,67343.0000000,67378.0000000,10449
SPFB.Si-3.19,5,20190116,104000,67380.0000000,67415.0000000,67373.0000000,67395.0000000,11175
SPFB.Si-3.19,5,20190116,104500,67397.0000000,67400.0000000,67345.0000000,67367.0000000,13619
SPFB.Si-3.19,5,20190116,105000,67369.0000000,67382.0000000,67348.0000000,67364.0000000,6820
SPFB.Si-3.19,5,20190116,105500,67364.0000000,67382.0000000,67362.0000000,67371.0000000,7700
SPFB.Si-3.19,5,20190116,110000,67370.0000000,67372.0000000,67345.0000000,67349.0000000,9394
SPFB.Si-3.19,5,20190116,110500,67349.0000000,67350.0000000,67306.0000000,67341.0000000,30446
SPFB.Si-3.19,5,20190116,111000,67339.0000000,67355.0000000,67254.0000000,67276.0000000,59380
SPFB.Si-3.19,5,20190116,111500,67276.0000000,67281.0000000,67240.0000000,67261.0000000,37195
SPFB.Si-3.19,5,20190116,112000,67262.0000000,67307.0000000,67224.0000000,67268.0000000,32198
SPFB.Si-3.19,5,20190116,112500,67269.0000000,67283.0000000,67243.0000000,67280.0000000,18687
SPFB.Si-3.19,5,20190116,113000,67279.0000000,67282.0000000,67242.0000000,67250.0000000,13776
SPFB.Si-3.19,5,20190116,113500,67251.0000000,67266.0000000,67208.0000000,67236.0000000,25671
SPFB.Si-3.19,5,20190116,114000,67239.0000000,67265.0000000,67219.0000000,67221.0000000,11996
SPFB.Si-3.19,5,20190116,114500,67221.0000000,67245.0000000,67201.0000000,67203.0000000,13600
SPFB.Si-3.19,5,20190116,115000,67202.0000000,67253.0000000,67184.0000000,67237.0000000,25766
SPFB.Si-3.19,5,20190116,115500,67237.0000000,67256.0000000,67227.0000000,67245.0000000,8703
SPFB.Si-3.19,5,20190116,120000,67245.0000000,67261.0000000,67219.0000000,67219.0000000,8482
SPFB.Si-3.19,5,20190116,120500,67219.0000000,67258.0000000,67212.0000000,67225.0000000,8729
SPFB.Si-3.19,5,20190116,121000,67224.0000000,67257.0000000,67217.0000000,67244.0000000,7146
SPFB.Si-3.19,5,20190116,121500,67244.0000000,67279.0000000,67238.0000000,67274.0000000,8896
SPFB.Si-3.19,5,20190116,122000,67273.0000000,67285.0000000,67253.0000000,67267.0000000,12354
SPFB.Si-3.19,5,20190116,122500,67268.0000000,67275.0000000,67247.0000000,67261.0000000,5771
SPFB.Si-3.19,5,20190116,123000,67261.0000000,67275.0000000,67240.0000000,67245.0000000,10062
SPFB.Si-3.19,5,20190116,123500,67246.0000000,67278.0000000,67239.0000000,67275.0000000,6226
SPFB.Si-3.19,5,20190116,124000,67276.0000000,67304.0000000,67266.0000000,67283.0000000,11126
SPFB.Si-3.19,5,20190116,124500,67286.0000000,67294.0000000,67269.0000000,67271.0000000,4613
SPFB.Si-3.19,5,20190116,125000,67270.0000000,67296.0000000,67262.0000000,67286.0000000,6418
SPFB.Si-3.19,5,20190116,125500,67286.0000000,67319.0000000,67272.0000000,67302.0000000,7921
SPFB.Si-3.19,5,20190116,130000,67301.0000000,67341.0000000,67291.0000000,67310.0000000,10161
SPFB.Si-3.19,5,20190116,130500,67311.0000000,67339.0000000,67306.0000000,67333.0000000,9050
SPFB.Si-3.19,5,20190116,131000,67333.0000000,67342.0000000,67314.0000000,67319.0000000,5616
SPFB.Si-3.19,5,20190116,131500,67321.0000000,67321.0000000,67284.0000000,67285.0000000,9274
SPFB.Si-3.19,5,20190116,132000,67286.0000000,67297.0000000,67273.0000000,67293.0000000,5661
SPFB.Si-3.19,5,20190116,132500,67291.0000000,67326.0000000,67281.0000000,67321.0000000,8743
SPFB.Si-3.19,5,20190116,133000,67322.0000000,67328.0000000,67305.0000000,67311.0000000,6262
SPFB.Si-3.19,5,20190116,133500,67311.0000000,67322.0000000,67290.0000000,67307.0000000,6424
SPFB.Si-3.19,5,20190116,134000,67307.0000000,67326.0000000,67302.0000000,67316.0000000,3752
SPFB.Si-3.19,5,20190116,134500,67316.0000000,67319.0000000,67293.0000000,67298.0000000,2877
SPFB.Si-3.19,5,20190116,135000,67297.0000000,67327.0000000,67295.0000000,67319.0000000,4993
SPFB.Si-3.19,5,20190116,135500,67321.0000000,67336.0000000,67317.0000000,67329.0000000,3869
SPFB.Si-3.19,5,20190116,140000,67330.0000000,67361.0000000,67316.0000000,67348.0000000,8734
SPFB.Si-3.19,5,20190116,141000,67348.0000000,67374.0000000,67329.0000000,67366.0000000,15307
SPFB.Si-3.19,5,20190116,141500,67363.0000000,67382.0000000,67354.0000000,67375.0000000,5594
SPFB.Si-3.19,5,20190116,142000,67376.0000000,67385.0000000,67364.0000000,67376.0000000,16734
SPFB.Si-3.19,5,20190116,142500,67376.0000000,67380.0000000,67333.0000000,67351.0000000,13220
SPFB.Si-3.19,5,20190116,143000,67353.0000000,67363.0000000,67323.0000000,67324.0000000,5589
SPFB.Si-3.19,5,20190116,143500,67323.0000000,67358.0000000,67322.0000000,67348.0000000,5993
SPFB.Si-3.19,5,20190116,144000,67351.0000000,67357.0000000,67342.0000000,67343.0000000,3160
SPFB.Si-3.19,5,20190116,144500,67342.0000000,67347.0000000,67328.0000000,67343.0000000,3132
SPFB.Si-3.19,5,20190116,145000,67340.0000000,67349.0000000,67325.0000000,67334.0000000,5159
SPFB.Si-3.19,5,20190116,145500,67332.0000000,67350.0000000,67328.0000000,67339.0000000,6514
SPFB.Si-3.19,5,20190116,150000,67338.0000000,67361.0000000,67338.0000000,67349.0000000,9637
SPFB.Si-3.19,5,20190116,150500,67350.0000000,67355.0000000,67333.0000000,67344.0000000,4375
SPFB.Si-3.19,5,20190116,151000,67344.0000000,67353.0000000,67339.0000000,67345.0000000,3589
SPFB.Si-3.19,5,20190116,151500,67346.0000000,67352.0000000,67341.0000000,67347.0000000,2980
SPFB.Si-3.19,5,20190116,152000,67345.0000000,67355.0000000,67327.0000000,67331.0000000,3312
SPFB.Si-3.19,5,20190116,152500,67330.0000000,67340.0000000,67295.0000000,67303.0000000,9099
SPFB.Si-3.19,5,20190116,153000,67303.0000000,67311.0000000,67288.0000000,67294.0000000,6333
SPFB.Si-3.19,5,20190116,153500,67294.0000000,67298.0000000,67262.0000000,67276.0000000,10657
SPFB.Si-3.19,5,20190116,154000,67275.0000000,67280.0000000,67253.0000000,67273.0000000,8047
SPFB.Si-3.19,5,20190116,154500,67274.0000000,67278.0000000,67244.0000000,67265.0000000,13144
SPFB.Si-3.19,5,20190116,155000,67265.0000000,67280.0000000,67244.0000000,67257.0000000,11327
SPFB.Si-3.19,5,20190116,155500,67255.0000000,67273.0000000,67246.0000000,67268.0000000,4648
SPFB.Si-3.19,5,20190116,160000,67267.0000000,67295.0000000,67262.0000000,67281.0000000,7533
SPFB.Si-3.19,5,20190116,160500,67280.0000000,67299.0000000,67267.0000000,67285.0000000,5697
SPFB.Si-3.19,5,20190116,161000,67285.0000000,67294.0000000,67260.0000000,67271.0000000,6099
SPFB.Si-3.19,5,20190116,161500,67269.0000000,67274.0000000,67224.0000000,67235.0000000,11578
SPFB.Si-3.19,5,20190116,162000,67237.0000000,67259.0000000,67208.0000000,67253.0000000,10089
SPFB.Si-3.19,5,20190116,162500,67253.0000000,67262.0000000,67245.0000000,67251.0000000,2777
SPFB.Si-3.19,5,20190116,163000,67253.0000000,67278.0000000,67241.0000000,67277.0000000,6681
SPFB.Si-3.19,5,20190116,163500,67277.0000000,67281.0000000,67266.0000000,67266.0000000,4693
SPFB.Si-3.19,5,20190116,164000,67268.0000000,67279.0000000,67257.0000000,67262.0000000,3938
SPFB.Si-3.19,5,20190116,164500,67264.0000000,67273.0000000,67243.0000000,67250.0000000,3642
SPFB.Si-3.19,5,20190116,165000,67249.0000000,67256.0000000,67205.0000000,67215.0000000,5473
SPFB.Si-3.19,5,20190116,165500,67214.0000000,67238.0000000,67209.0000000,67211.0000000,5092
SPFB.Si-3.19,5,20190116,170000,67212.0000000,67218.0000000,67160.0000000,67165.0000000,37869
SPFB.Si-3.19,5,20190116,170500,67165.0000000,67180.0000000,67114.0000000,67129.0000000,40320
SPFB.Si-3.19,5,20190116,171000,67128.0000000,67155.0000000,67102.0000000,67126.0000000,19365
SPFB.Si-3.19,5,20190116,171500,67127.0000000,67138.0000000,67103.0000000,67121.0000000,7715
SPFB.Si-3.19,5,20190116,172000,67119.0000000,67126.0000000,67068.0000000,67070.0000000,29023
SPFB.Si-3.19,5,20190116,172500,67070.0000000,67130.0000000,67057.0000000,67121.0000000,21373
SPFB.Si-3.19,5,20190116,173000,67124.0000000,67158.0000000,67111.0000000,67114.0000000,11272
SPFB.Si-3.19,5,20190116,173500,67112.0000000,67121.0000000,67094.0000000,67103.0000000,10327
SPFB.Si-3.19,5,20190116,174000,67104.0000000,67114.0000000,67050.0000000,67054.0000000,12425
SPFB.Si-3.19,5,20190116,174500,67054.0000000,67080.0000000,67037.0000000,67043.0000000,14905
SPFB.Si-3.19,5,20190116,175000,67042.0000000,67049.0000000,66984.0000000,66998.0000000,26481
SPFB.Si-3.19,5,20190116,175500,66995.0000000,67045.0000000,66979.0000000,67045.0000000,24722
SPFB.Si-3.19,5,20190116,180000,67043.0000000,67064.0000000,67032.0000000,67045.0000000,8221
SPFB.Si-3.19,5,20190116,180500,67047.0000000,67051.0000000,67014.0000000,67030.0000000,8479
SPFB.Si-3.19,5,20190116,181000,67028.0000000,67044.0000000,67013.0000000,67041.0000000,5289
SPFB.Si-3.19,5,20190116,181500,67042.0000000,67046.0000000,67005.0000000,67031.0000000,4978
SPFB.Si-3.19,5,20190116,182000,67033.0000000,67062.0000000,67018.0000000,67059.0000000,5631
SPFB.Si-3.19,5,20190116,182500,67059.0000000,67085.0000000,67057.0000000,67074.0000000,8553
SPFB.Si-3.19,5,20190116,183000,67076.0000000,67081.0000000,67033.0000000,67040.0000000,4516
SPFB.Si-3.19,5,20190116,183500,67040.0000000,67075.0000000,67019.0000000,67074.0000000,11487
SPFB.Si-3.19,5,20190116,184000,67074.0000000,67095.0000000,67063.0000000,67078.0000000,11447
SPFB.Si-3.19,5,20190116,184500,67078.0000000,67112.0000000,67066.0000000,67082.0000000,15066
SPFB.Si-3.19,5,20190116,191000,67094.0000000,67098.0000000,67032.0000000,67054.0000000,11180
SPFB.Si-3.19,5,20190116,191500,67054.0000000,67073.0000000,67042.0000000,67047.0000000,5347
SPFB.Si-3.19,5,20190116,192000,67047.0000000,67051.0000000,66989.0000000,66995.0000000,10971
SPFB.Si-3.19,5,20190116,192500,66995.0000000,67013.0000000,66988.0000000,67010.0000000,4300
SPFB.Si-3.19,5,20190116,193000,67009.0000000,67016.0000000,66923.0000000,66942.0000000,18032
SPFB.Si-3.19,5,20190116,193500,66944.0000000,66986.0000000,66939.0000000,66955.0000000,6004
SPFB.Si-3.19,5,20190116,194000,66955.0000000,66982.0000000,66919.0000000,66981.0000000,11579
SPFB.Si-3.19,5,20190116,194500,66984.0000000,66992.0000000,66923.0000000,66926.0000000,5822
SPFB.Si-3.19,5,20190116,195000,66924.0000000,66950.0000000,66910.0000000,66948.0000000,5833
SPFB.Si-3.19,5,20190116,195500,66947.0000000,66951.0000000,66914.0000000,66920.0000000,2859
SPFB.Si-3.19,5,20190116,200000,66919.0000000,66942.0000000,66876.0000000,66883.0000000,14659
SPFB.Si-3.19,5,20190116,200500,66887.0000000,66914.0000000,66862.0000000,66904.0000000,10368
SPFB.Si-3.19,5,20190116,201000,66902.0000000,66911.0000000,66877.0000000,66896.0000000,6044
SPFB.Si-3.19,5,20190116,201500,66896.0000000,66903.0000000,66864.0000000,66882.0000000,4048
SPFB.Si-3.19,5,20190116,202000,66880.0000000,66916.0000000,66880.0000000,66888.0000000,5422
SPFB.Si-3.19,5,20190116,202500,66885.0000000,66907.0000000,66876.0000000,66891.0000000,3495
SPFB.Si-3.19,5,20190116,203000,66892.0000000,66914.0000000,66889.0000000,66903.0000000,3496
SPFB.Si-3.19,5,20190116,203500,66903.0000000,66910.0000000,66887.0000000,66905.0000000,1769
SPFB.Si-3.19,5,20190116,204000,66904.0000000,66911.0000000,66882.0000000,66895.0000000,3758
SPFB.Si-3.19,5,20190116,204500,66895.0000000,66940.0000000,66881.0000000,66935.0000000,4602
SPFB.Si-3.19,5,20190116,205000,66937.0000000,66959.0000000,66934.0000000,66955.0000000,3537
SPFB.Si-3.19,5,20190116,205500,66957.0000000,66959.0000000,66925.0000000,66927.0000000,1720
SPFB.Si-3.19,5,20190116,210000,66927.0000000,66937.0000000,66915.0000000,66930.0000000,2019
SPFB.Si-3.19,5,20190116,210500,66929.0000000,66935.0000000,66905.0000000,66909.0000000,1917
SPFB.Si-3.19,5,20190116,211000,66908.0000000,66932.0000000,66905.0000000,66921.0000000,1360
SPFB.Si-3.19,5,20190116,211500,66921.0000000,66927.0000000,66907.0000000,66912.0000000,1610
SPFB.Si-3.19,5,20190116,212000,66911.0000000,66929.0000000,66903.0000000,66917.0000000,1481
SPFB.Si-3.19,5,20190116,212500,66915.0000000,66926.0000000,66901.0000000,66908.0000000,1549
SPFB.Si-3.19,5,20190116,213000,66910.0000000,66920.0000000,66897.0000000,66915.0000000,3842
SPFB.Si-3.19,5,20190116,213500,66915.0000000,66923.0000000,66908.0000000,66913.0000000,846
SPFB.Si-3.19,5,20190116,214000,66915.0000000,66917.0000000,66901.0000000,66904.0000000,1390
SPFB.Si-3.19,5,20190116,214500,66903.0000000,66917.0000000,66900.0000000,66915.0000000,1123
SPFB.Si-3.19,5,20190116,215000,66916.0000000,66916.0000000,66865.0000000,66876.0000000,2831
SPFB.Si-3.19,5,20190116,215500,66873.0000000,66886.0000000,66865.0000000,66882.0000000,1479
SPFB.Si-3.19,5,20190116,220000,66883.0000000,66883.0000000,66857.0000000,66865.0000000,3065
SPFB.Si-3.19,5,20190116,220500,66865.0000000,66885.0000000,66853.0000000,66866.0000000,3793
SPFB.Si-3.19,5,20190116,221000,66861.0000000,66894.0000000,66840.0000000,66860.0000000,6084
SPFB.Si-3.19,5,20190116,221500,66859.0000000,66872.0000000,66852.0000000,66864.0000000,1339
SPFB.Si-3.19,5,20190116,222000,66864.0000000,66873.0000000,66852.0000000,66864.0000000,2580
SPFB.Si-3.19,5,20190116,222500,66863.0000000,66875.0000000,66847.0000000,66874.0000000,3666
SPFB.Si-3.19,5,20190116,223000,66874.0000000,66874.0000000,66846.0000000,66857.0000000,2638
SPFB.Si-3.19,5,20190116,223500,66859.0000000,66883.0000000,66838.0000000,66848.0000000,4341
SPFB.Si-3.19,5,20190116,224000,66850.0000000,66856.0000000,66817.0000000,66841.0000000,4163
SPFB.Si-3.19,5,20190116,224500,66842.0000000,66870.0000000,66839.0000000,66866.0000000,1935
SPFB.Si-3.19,5,20190116,225000,66867.0000000,66882.0000000,66859.0000000,66872.0000000,3500
SPFB.Si-3.19,5,20190116,225500,66872.0000000,66876.0000000,66846.0000000,66864.0000000,3519
SPFB.Si-3.19,5,20190116,230000,66861.0000000,66879.0000000,66857.0000000,66876.0000000,1181
SPFB.Si-3.19,5,20190116,230500,66876.0000000,66881.0000000,66867.0000000,66871.0000000,1873
SPFB.Si-3.19,5,20190116,231000,66871.0000000,66909.0000000,66871.0000000,66907.0000000,3109
SPFB.Si-3.19,5,20190116,231500,66907.0000000,66909.0000000,66875.0000000,66888.0000000,2939
SPFB.Si-3.19,5,20190116,232000,66890.0000000,66893.0000000,66877.0000000,66887.0000000,2199
SPFB.Si-3.19,5,20190116,232500,66891.0000000,66905.0000000,66882.0000000,66905.0000000,3656
SPFB.Si-3.19,5,20190116,233000,66905.0000000,66910.0000000,66884.0000000,66907.0000000,3395
SPFB.Si-3.19,5,20190116,233500,66909.0000000,66929.0000000,66908.0000000,66919.0000000,3387
SPFB.Si-3.19,5,20190116,234000,66921.0000000,66950.0000000,66916.0000000,66938.0000000,4465
SPFB.Si-3.19,5,20190116,234500,66940.0000000,66949.0000000,66930.0000000,66937.0000000,2316
SPFB.Si-3.19,5,20190116,235000,66937.0000000,66971.0000000,66932.0000000,66959.0000000,4794
SPFB.Si-3.19,5,20190117,100500,66950.0000000,66989.0000000,66905.0000000,66972.0000000,23998
SPFB.Si-3.19,5,20190117,101000,66974.0000000,66978.0000000,66908.0000000,66955.0000000,24439
SPFB.Si-3.19,5,20190117,101500,66954.0000000,66982.0000000,66948.0000000,66960.0000000,11503
SPFB.Si-3.19,5,20190117,102000,66958.0000000,66996.0000000,66957.0000000,66963.0000000,24846
SPFB.Si-3.19,5,20190117,102500,66963.0000000,67020.0000000,66955.0000000,67008.0000000,15687
SPFB.Si-3.19,5,20190117,103000,67008.0000000,67066.0000000,66990.0000000,67048.0000000,21802
SPFB.Si-3.19,5,20190117,103500,67047.0000000,67088.0000000,67039.0000000,67078.0000000,30529
SPFB.Si-3.19,5,20190117,104000,67079.0000000,67094.0000000,67032.0000000,67037.0000000,14558
SPFB.Si-3.19,5,20190117,104500,67038.0000000,67075.0000000,67027.0000000,67056.0000000,17966
SPFB.Si-3.19,5,20190117,105000,67055.0000000,67075.0000000,67037.0000000,67066.0000000,9893
SPFB.Si-3.19,5,20190117,105500,67069.0000000,67078.0000000,67033.0000000,67037.0000000,8156
SPFB.Si-3.19,5,20190117,110000,67036.0000000,67049.0000000,67021.0000000,67022.0000000,6394
SPFB.Si-3.19,5,20190117,110500,67022.0000000,67049.0000000,67018.0000000,67039.0000000,7453
SPFB.Si-3.19,5,20190117,111000,67038.0000000,67042.0000000,67013.0000000,67014.0000000,5263
SPFB.Si-3.19,5,20190117,111500,67014.0000000,67042.0000000,67005.0000000,67022.0000000,9785
SPFB.Si-3.19,5,20190117,112000,67021.0000000,67090.0000000,67010.0000000,67082.0000000,23848
SPFB.Si-3.19,5,20190117,112500,67084.0000000,67119.0000000,67063.0000000,67113.0000000,33593
SPFB.Si-3.19,5,20190117,113000,67114.0000000,67119.0000000,67073.0000000,67098.0000000,24769
SPFB.Si-3.19,5,20190117,113500,67097.0000000,67100.0000000,67061.0000000,67075.0000000,8695
SPFB.Si-3.19,5,20190117,114000,67076.0000000,67097.0000000,67072.0000000,67086.0000000,5468
SPFB.Si-3.19,5,20190117,114500,67089.0000000,67090.0000000,67049.0000000,67061.0000000,20649
SPFB.Si-3.19,5,20190117,115000,67060.0000000,67064.0000000,67039.0000000,67040.0000000,8676
SPFB.Si-3.19,5,20190117,115500,67043.0000000,67048.0000000,67021.0000000,67036.0000000,5484
SPFB.Si-3.19,5,20190117,120000,67036.0000000,67057.0000000,67026.0000000,67037.0000000,5660
SPFB.Si-3.19,5,20190117,120500,67038.0000000,67069.0000000,67035.0000000,67047.0000000,7164
SPFB.Si-3.19,5,20190117,121000,67049.0000000,67057.0000000,67039.0000000,67045.0000000,4272
SPFB.Si-3.19,5,20190117,121500,67043.0000000,67090.0000000,67035.0000000,67085.0000000,6389
SPFB.Si-3.19,5,20190117,122000,67085.0000000,67112.0000000,67070.0000000,67102.0000000,10983
SPFB.Si-3.19,5,20190117,122500,67104.0000000,67135.0000000,67089.0000000,67131.0000000,20380
SPFB.Si-3.19,5,20190117,123000,67133.0000000,67147.0000000,67102.0000000,67105.0000000,15416
SPFB.Si-3.19,5,20190117,123500,67105.0000000,67118.0000000,67091.0000000,67112.0000000,9825
SPFB.Si-3.19,5,20190117,124000,67114.0000000,67126.0000000,67100.0000000,67112.0000000,7921
SPFB.Si-3.19,5,20190117,124500,67116.0000000,67155.0000000,67109.0000000,67135.0000000,14232
SPFB.Si-3.19,5,20190117,125000,67135.0000000,67145.0000000,67110.0000000,67120.0000000,8966
SPFB.Si-3.19,5,20190117,125500,67119.0000000,67136.0000000,67108.0000000,67113.0000000,8039
SPFB.Si-3.19,5,20190117,130000,67111.0000000,67150.0000000,67102.0000000,67123.0000000,18802
SPFB.Si-3.19,5,20190117,130500,67125.0000000,67128.0000000,67105.0000000,67107.0000000,6175
SPFB.Si-3.19,5,20190117,131000,67107.0000000,67120.0000000,67096.0000000,67110.0000000,5727
SPFB.Si-3.19,5,20190117,131500,67111.0000000,67134.0000000,67110.0000000,67117.0000000,5452
SPFB.Si-3.19,5,20190117,132000,67119.0000000,67123.0000000,67101.0000000,67109.0000000,3746
SPFB.Si-3.19,5,20190117,132500,67109.0000000,67119.0000000,67104.0000000,67112.0000000,1926
SPFB.Si-3.19,5,20190117,133000,67112.0000000,67130.0000000,67109.0000000,67118.0000000,2760
SPFB.Si-3.19,5,20190117,133500,67120.0000000,67121.0000000,67104.0000000,67113.0000000,4727
SPFB.Si-3.19,5,20190117,134000,67115.0000000,67120.0000000,67100.0000000,67120.0000000,7726
SPFB.Si-3.19,5,20190117,134500,67120.0000000,67126.0000000,67109.0000000,67123.0000000,7820
SPFB.Si-3.19,5,20190117,135000,67123.0000000,67123.0000000,67090.0000000,67099.0000000,6506
SPFB.Si-3.19,5,20190117,135500,67100.0000000,67119.0000000,67098.0000000,67109.0000000,7028
SPFB.Si-3.19,5,20190117,140000,67109.0000000,67114.0000000,67090.0000000,67101.0000000,5352
SPFB.Si-3.19,5,20190117,141000,67104.0000000,67120.0000000,67092.0000000,67096.0000000,5250
SPFB.Si-3.19,5,20190117,141500,67093.0000000,67112.0000000,67083.0000000,67105.0000000,7283
SPFB.Si-3.19,5,20190117,142000,67107.0000000,67122.0000000,67105.0000000,67114.0000000,2997
SPFB.Si-3.19,5,20190117,142500,67114.0000000,67129.0000000,67111.0000000,67128.0000000,4793
SPFB.Si-3.19,5,20190117,143000,67126.0000000,67140.0000000,67107.0000000,67114.0000000,5853
SPFB.Si-3.19,5,20190117,143500,67115.0000000,67125.0000000,67092.0000000,67092.0000000,4311
SPFB.Si-3.19,5,20190117,144000,67095.0000000,67103.0000000,67064.0000000,67071.0000000,10000
SPFB.Si-3.19,5,20190117,144500,67070.0000000,67084.0000000,67058.0000000,67068.0000000,5787
SPFB.Si-3.19,5,20190117,145000,67068.0000000,67085.0000000,67052.0000000,67065.0000000,5611
SPFB.Si-3.19,5,20190117,145500,67062.0000000,67073.0000000,67042.0000000,67061.0000000,7172
SPFB.Si-3.19,5,20190117,150000,67061.0000000,67081.0000000,67058.0000000,67074.0000000,5502
SPFB.Si-3.19,5,20190117,150500,67072.0000000,67089.0000000,67068.0000000,67083.0000000,4607
SPFB.Si-3.19,5,20190117,151000,67083.0000000,67101.0000000,67067.0000000,67087.0000000,8638
SPFB.Si-3.19,5,20190117,151500,67088.0000000,67095.0000000,67079.0000000,67094.0000000,4786
SPFB.Si-3.19,5,20190117,152000,67093.0000000,67117.0000000,67092.0000000,67108.0000000,5306
SPFB.Si-3.19,5,20190117,152500,67108.0000000,67121.0000000,67094.0000000,67120.0000000,11262
SPFB.Si-3.19,5,20190117,153000,67119.0000000,67129.0000000,67105.0000000,67112.0000000,5210
SPFB.Si-3.19,5,20190117,153500,67110.0000000,67130.0000000,67110.0000000,67121.0000000,4529
SPFB.Si-3.19,5,20190117,154000,67123.0000000,67150.0000000,67119.0000000,67123.0000000,10664
SPFB.Si-3.19,5,20190117,154500,67123.0000000,67136.0000000,67112.0000000,67124.0000000,4724
SPFB.Si-3.19,5,20190117,155000,67124.0000000,67139.0000000,67112.0000000,67133.0000000,3655
SPFB.Si-3.19,5,20190117,155500,67136.0000000,67138.0000000,67046.0000000,67068.0000000,22320
SPFB.Si-3.19,5,20190117,160000,67068.0000000,67096.0000000,67065.0000000,67094.0000000,7370
SPFB.Si-3.19,5,20190117,160500,67094.0000000,67155.0000000,67093.0000000,67121.0000000,15965
SPFB.Si-3.19,5,20190117,161000,67122.0000000,67147.0000000,67101.0000000,67143.0000000,8706
SPFB.Si-3.19,5,20190117,161500,67143.0000000,67195.0000000,67137.0000000,67184.0000000,22301
SPFB.Si-3.19,5,20190117,162000,67186.0000000,67229.0000000,67182.0000000,67222.0000000,21478
SPFB.Si-3.19,5,20190117,162500,67222.0000000,67226.0000000,67165.0000000,67172.0000000,15762
SPFB.Si-3.19,5,20190117,163000,67172.0000000,67199.0000000,67165.0000000,67180.0000000,6631
SPFB.Si-3.19,5,20190117,163500,67178.0000000,67202.0000000,67131.0000000,67176.0000000,39896
SPFB.Si-3.19,5,20190117,164000,67176.0000000,67195.0000000,67156.0000000,67194.0000000,6266
SPFB.Si-3.19,5,20190117,164500,67194.0000000,67211.0000000,67156.0000000,67165.0000000,6494
SPFB.Si-3.19,5,20190117,165000,67165.0000000,67189.0000000,67136.0000000,67189.0000000,14763
SPFB.Si-3.19,5,20190117,165500,67189.0000000,67195.0000000,67138.0000000,67144.0000000,7079
SPFB.Si-3.19,5,20190117,170000,67146.0000000,67163.0000000,67139.0000000,67152.0000000,5458
SPFB.Si-3.19,5,20190117,170500,67151.0000000,67200.0000000,67151.0000000,67188.0000000,10137
SPFB.Si-3.19,5,20190117,171000,67187.0000000,67218.0000000,67178.0000000,67209.0000000,8353
SPFB.Si-3.19,5,20190117,171500,67211.0000000,67220.0000000,67193.0000000,67211.0000000,7223
SPFB.Si-3.19,5,20190117,172000,67212.0000000,67220.0000000,67190.0000000,67207.0000000,6670
SPFB.Si-3.19,5,20190117,172500,67208.0000000,67250.0000000,67205.0000000,67242.0000000,10461
SPFB.Si-3.19,5,20190117,173000,67245.0000000,67250.0000000,67228.0000000,67238.0000000,8554
SPFB.Si-3.19,5,20190117,173500,67238.0000000,67253.0000000,67216.0000000,67233.0000000,18110
SPFB.Si-3.19,5,20190117,174000,67234.0000000,67238.0000000,67175.0000000,67196.0000000,11832
SPFB.Si-3.19,5,20190117,174500,67198.0000000,67199.0000000,67170.0000000,67188.0000000,8146
SPFB.Si-3.19,5,20190117,175000,67188.0000000,67196.0000000,67170.0000000,67170.0000000,4359
SPFB.Si-3.19,5,20190117,175500,67170.0000000,67193.0000000,67165.0000000,67188.0000000,6635
SPFB.Si-3.19,5,20190117,180000,67191.0000000,67209.0000000,67163.0000000,67204.0000000,15546
SPFB.Si-3.19,5,20190117,180500,67207.0000000,67220.0000000,67178.0000000,67189.0000000,10589
SPFB.Si-3.19,5,20190117,181000,67189.0000000,67211.0000000,67181.0000000,67203.0000000,15901
SPFB.Si-3.19,5,20190117,181500,67203.0000000,67215.0000000,67178.0000000,67187.0000000,5940
SPFB.Si-3.19,5,20190117,182000,67186.0000000,67202.0000000,67159.0000000,67195.0000000,6567
SPFB.Si-3.19,5,20190117,182500,67196.0000000,67216.0000000,67190.0000000,67190.0000000,4926
SPFB.Si-3.19,5,20190117,183000,67190.0000000,67191.0000000,67160.0000000,67168.0000000,10333
SPFB.Si-3.19,5,20190117,183500,67168.0000000,67175.0000000,67141.0000000,67170.0000000,8924
SPFB.Si-3.19,5,20190117,184000,67168.0000000,67275.0000000,67163.0000000,67275.0000000,19965
SPFB.Si-3.19,5,20190117,184500,67273.0000000,67281.0000000,67220.0000000,67226.0000000,24841
SPFB.Si-3.19,5,20190117,191000,67216.0000000,67216.0000000,67116.0000000,67136.0000000,28992
SPFB.Si-3.19,5,20190117,191500,67136.0000000,67150.0000000,67076.0000000,67080.0000000,11227
SPFB.Si-3.19,5,20190117,192000,67081.0000000,67084.0000000,67025.0000000,67057.0000000,17605
SPFB.Si-3.19,5,20190117,192500,67057.0000000,67068.0000000,67027.0000000,67045.0000000,7919
SPFB.Si-3.19,5,20190117,193000,67045.0000000,67069.0000000,67034.0000000,67069.0000000,4273
SPFB.Si-3.19,5,20190117,193500,67069.0000000,67085.0000000,67030.0000000,67038.0000000,8363
SPFB.Si-3.19,5,20190117,194000,67035.0000000,67042.0000000,67013.0000000,67031.0000000,9304
SPFB.Si-3.19,5,20190117,194500,67030.0000000,67051.0000000,67020.0000000,67023.0000000,3816
SPFB.Si-3.19,5,20190117,195000,67024.0000000,67028.0000000,66991.0000000,67016.0000000,15503
SPFB.Si-3.19,5,20190117,195500,67015.0000000,67037.0000000,67013.0000000,67025.0000000,3177
SPFB.Si-3.19,5,20190117,200000,67025.0000000,67028.0000000,66976.0000000,66985.0000000,10873
SPFB.Si-3.19,5,20190117,200500,66984.0000000,66990.0000000,66960.0000000,66989.0000000,6309
SPFB.Si-3.19,5,20190117,201000,66986.0000000,66989.0000000,66925.0000000,66933.0000000,8324
SPFB.Si-3.19,5,20190117,201500,66933.0000000,66971.0000000,66910.0000000,66935.0000000,9351
SPFB.Si-3.19,5,20190117,202000,66935.0000000,66959.0000000,66910.0000000,66952.0000000,5139
SPFB.Si-3.19,5,20190117,202500,66952.0000000,66967.0000000,66943.0000000,66967.0000000,4299
SPFB.Si-3.19,5,20190117,203000,66967.0000000,66974.0000000,66950.0000000,66963.0000000,4403
SPFB.Si-3.19,5,20190117,203500,66957.0000000,66964.0000000,66946.0000000,66960.0000000,1216
SPFB.Si-3.19,5,20190117,204000,66958.0000000,66990.0000000,66940.0000000,66941.0000000,10862
SPFB.Si-3.19,5,20190117,204500,66941.0000000,66978.0000000,66940.0000000,66973.0000000,2743
SPFB.Si-3.19,5,20190117,205000,66971.0000000,66977.0000000,66945.0000000,66974.0000000,3328
SPFB.Si-3.19,5,20190117,205500,66974.0000000,66977.0000000,66965.0000000,66974.0000000,1393
SPFB.Si-3.19,5,20190117,210000,66975.0000000,67009.0000000,66975.0000000,66989.0000000,4225
SPFB.Si-3.19,5,20190117,210500,66987.0000000,66989.0000000,66950.0000000,66952.0000000,7982
SPFB.Si-3.19,5,20190117,211000,66956.0000000,66963.0000000,66938.0000000,66944.0000000,4620
SPFB.Si-3.19,5,20190117,211500,66946.0000000,66956.0000000,66942.0000000,66948.0000000,944
SPFB.Si-3.19,5,20190117,212000,66947.0000000,66969.0000000,66942.0000000,66969.0000000,1513
SPFB.Si-3.19,5,20190117,212500,66965.0000000,66967.0000000,66925.0000000,66957.0000000,3569
SPFB.Si-3.19,5,20190117,213000,66955.0000000,66955.0000000,66925.0000000,66951.0000000,2279
SPFB.Si-3.19,5,20190117,213500,66951.0000000,66960.0000000,66918.0000000,66925.0000000,4158
SPFB.Si-3.19,5,20190117,214000,66927.0000000,66928.0000000,66897.0000000,66898.0000000,8588
SPFB.Si-3.19,5,20190117,214500,66897.0000000,66921.0000000,66895.0000000,66909.0000000,6065
SPFB.Si-3.19,5,20190117,215000,66911.0000000,66913.0000000,66873.0000000,66908.0000000,9150
SPFB.Si-3.19,5,20190117,215500,66912.0000000,66933.0000000,66904.0000000,66925.0000000,2834
SPFB.Si-3.19,5,20190117,220000,66927.0000000,66945.0000000,66927.0000000,66940.0000000,2204
SPFB.Si-3.19,5,20190117,220500,66941.0000000,66956.0000000,66941.0000000,66948.0000000,4108
SPFB.Si-3.19,5,20190117,221000,66950.0000000,66958.0000000,66933.0000000,66946.0000000,1611
SPFB.Si-3.19,5,20190117,221500,66946.0000000,66960.0000000,66934.0000000,66958.0000000,1291
SPFB.Si-3.19,5,20190117,222000,66959.0000000,66963.0000000,66936.0000000,66953.0000000,2154
SPFB.Si-3.19,5,20190117,222500,66950.0000000,66965.0000000,66950.0000000,66951.0000000,1470
SPFB.Si-3.19,5,20190117,223000,66953.0000000,66992.0000000,66952.0000000,66986.0000000,3202
SPFB.Si-3.19,5,20190117,223500,66983.0000000,66988.0000000,66961.0000000,66986.0000000,3132
SPFB.Si-3.19,5,20190117,224000,66983.0000000,66999.0000000,66949.0000000,66953.0000000,4380
SPFB.Si-3.19,5,20190117,224500,66954.0000000,66956.0000000,66872.0000000,66889.0000000,19907
SPFB.Si-3.19,5,20190117,225000,66884.0000000,66893.0000000,66830.0000000,66838.0000000,12388
SPFB.Si-3.19,5,20190117,225500,66837.0000000,66876.0000000,66829.0000000,66865.0000000,10502
SPFB.Si-3.19,5,20190117,230000,66865.0000000,66935.0000000,66861.0000000,66924.0000000,8856
SPFB.Si-3.19,5,20190117,230500,66922.0000000,66956.0000000,66920.0000000,66945.0000000,5017
SPFB.Si-3.19,5,20190117,231000,66948.0000000,66954.0000000,66898.0000000,66927.0000000,4518
SPFB.Si-3.19,5,20190117,231500,66927.0000000,66946.0000000,66926.0000000,66935.0000000,1764
SPFB.Si-3.19,5,20190117,232000,66937.0000000,66940.0000000,66924.0000000,66924.0000000,1453
SPFB.Si-3.19,5,20190117,232500,66924.0000000,66948.0000000,66924.0000000,66943.0000000,1523
SPFB.Si-3.19,5,20190117,233000,66943.0000000,66945.0000000,66928.0000000,66932.0000000,850
SPFB.Si-3.19,5,20190117,233500,66929.0000000,66938.0000000,66919.0000000,66932.0000000,1855
SPFB.Si-3.19,5,20190117,234000,66930.0000000,66946.0000000,66930.0000000,66944.0000000,759
SPFB.Si-3.19,5,20190117,234500,66945.0000000,66950.0000000,66926.0000000,66942.0000000,1337
SPFB.Si-3.19,5,20190117,235000,66942.0000000,66956.0000000,66919.0000000,66955.0000000,2895


